191
1001 I:19 2 11 4 760
1001 I:1 6 11 8 0
1001 I:7 10 11 12 4
1001 I:7 14 11 16 8
1001 I:7 18 11 20 12
1001 I:17 22 11 24 16
1001 I:17 26 11 28 20
1001 I:17 30 11 32 24
1001 I:18 34 11 36 28
1001 I:12 38 11 40 32
1001 I:13 42 11 44 36
12999 I:11001 46 11 48 40
3019 S:"50 11 52 44
4001 I:12 54 11 56 48
4142 I:12 58 11 60 52
4021 I:6001 62 11 64 56
4021 I:2200 66 11 68 60
11999 I:12918 70 11 72 64
2030 I:0 74 11 76 68
2031 I:0 78 11 80 72
2032 I:12 82 11 84 76
2033 I:0 86 11 88 80
2085 I:0 96 1 108 84
-24 I:0 88 1 -1 -1
50 I:0 104 1 -1 -1
-15 I:0 96 1 -1 -1
800 I:1 106 11 -1 -1
2030 I:0 110 11 112 88
3004 S:Program start"114 11 116 108
7280 I:0 -1 0 120 112
7290 I:3 122 11 124 116
7290 I:2 126 11 128 120
7290 I:1 130 11 132 124
7290 I:2 134 11 136 128
7290 I:4 138 11 140 132
7290 I:2 142 11 144 136
7290 I:3 146 11 148 140
7290 I:4 150 11 152 144
7290 I:5 154 11 156 148
7290 I:4 158 11 160 152
7290 I:2 162 11 164 156
7290 I:1 166 11 168 160
8280 I:0 -1 0 172 164
8290 I:3 174 11 176 168
8290 I:5 178 11 180 172
8290 I:6 182 11 184 176
8290 I:3 186 11 188 180
8290 I:2 190 11 192 184
8290 I:7 194 11 196 188
8290 I:4 198 11 200 192
8290 I:9 202 11 204 196
8290 I:3 206 11 208 200
8290 I:1 210 11 212 204
8290 I:2 214 11 216 208
8290 I:4 218 11 220 212
8269 I:1 222 11 224 216
7270 I:0 226 11 228 220
8270 I:0 230 11 232 224
2032 I:1 234 11 236 228
2033 I:1 238 11 240 232
4021 I:4029 242 11 244 236
4025 I:12 246 11 248 240
4001 I:0 250 11 252 244
5001 I:12 254 11 256 248
5131 I:0 -1 0 260 252
2991 I:0 268 1 276 256
-24 I:0 260 1 -1 -1
58 I:0 -1 0 272 -1
62 I:100 274 11 -1 268
4027 I:0 284 1 308 260
-24 I:0 276 1 -1 -1
4021 I:2030 286 11 288 -1
4021 I:2031 290 11 292 284
2029 I:1 294 11 296 288
5021 I:2085 298 11 300 292
2060 I:0 -1 0 304 296
2062 I:0 306 11 -1 300
4031 I:1 310 11 312 276
4141 I:12 314 11 316 308
4021 I:29 318 11 320 312
4001 I:0 322 11 324 316
2991 I:0 332 1 340 320
-24 I:0 324 1 -1 -1
58 I:0 -1 0 336 -1
62 I:101 338 11 -1 332
4027 I:0 348 1 364 324
-24 I:0 340 1 -1 -1
4021 I:2030 350 11 352 -1
4021 I:2031 354 11 356 348
2029 I:12 358 11 360 352
2085 I:12 362 11 -1 356
2991 I:0 372 1 380 340
-24 I:0 364 1 -1 -1
58 I:0 -1 0 376 -1
62 I:102 378 11 -1 372
7269 I:1 382 11 384 364
7270 I:1 386 11 388 380
4001 I:0 390 11 392 384
4027 I:0 400 1 432 388
-24 I:0 392 1 -1 -1
7003 I:5001 402 11 404 -1
4021 I:2030 406 11 408 400
4021 I:2031 410 11 412 404
5021 I:2029 414 11 416 408
2029 I:12 418 11 420 412
5141 I:12 422 11 424 416
5142 I:-1 426 11 428 420
5021 I:2085 430 11 -1 424
6021 I:4029 434 11 436 392
2031 I:0 438 11 440 432
4021 I:2030 442 11 444 436
2991 I:0 452 1 460 440
-24 I:0 444 1 -1 -1
9999 I:2060 454 11 456 -1
62 I:37 458 11 -1 452
2085 I:12 462 11 464 444
2052 I:0 472 1 488 460
-24 I:0 464 1 -1 -1
35 I:0 474 11 476 -1
824 I:0 484 1 -1 472
-15 I:0 476 1 -1 -1
200 I:500 486 11 -1 -1
2070 I:-26 490 11 492 464
2074 I:0 494 11 496 488
2070 I:820 498 11 500 492
2074 I:0 508 1 528 496
-24 I:0 500 1 -1 -1
200 I:-30 510 11 512 -1
202 I:-30 514 11 516 508
201 I:-37 518 11 520 512
925 I:501 522 11 524 516
925 I:502 526 11 -1 520
11008 I:1 530 11 532 500
2070 I:50 534 11 536 528
2074 I:1 538 11 540 532
2070 I:51 542 11 544 536
2074 I:1 546 11 548 540
2070 I:52 550 11 552 544
2074 I:1 554 11 556 548
2070 I:53 558 11 560 552
2074 I:1 562 11 564 556
2030 I:0 566 11 568 560
12999 I:2125 570 11 572 564
2101 I:0 -1 0 576 568
7270 I:0 578 11 580 572
2030 I:0 582 11 584 576
4001 I:0 586 11 588 580
2070 I:100 590 11 592 584
2032 I:0 594 11 596 588
2033 I:0 598 11 600 592
8270 I:0 602 11 604 596
2032 I:0 606 11 608 600
6021 I:4029 610 11 612 604
4991 I:0 620 1 676 608
-24 I:0 612 1 -1 -1
4021 I:2030 622 11 624 -1
7003 I:5001 626 11 628 620
5021 I:2028 630 11 632 624
2022 I:1 634 11 636 628
8003 I:2072 638 11 640 632
5141 I:1 642 11 644 636
5061 I:0 652 1 -1 640
-15 I:0 644 1 -1 -1
2022 I:1 654 11 656 -1
2050 I:0 664 1 668 652
-15 I:0 656 1 -1 -1
300 I:0 -1 0 -1 -1
4021 I:2030 670 11 672 656
2072 I:0 674 11 -1 668
4027 I:0 -1 0 680 612
3001 S:Rezult: "682 11 684 676
9003 I:3002 686 11 688 680
2032 I:1 690 11 692 684
2033 I:0 694 11 696 688
6021 I:4029 698 11 700 692
2991 I:0 708 1 724 696
-24 I:0 700 1 -1 -1
50 I:0 716 1 -1 -1
-15 I:0 708 1 -1 -1
925 I:3001 718 11 720 -1
3001 C: "722 11 -1 716
4001 I:0 726 11 728 700
4027 I:0 736 1 748 724
-24 I:0 728 1 -1 -1
4021 I:2030 738 11 740 -1
2085 I:12 742 11 744 736
3002 I:0 -1 0 -1 740
3001 S:Work time: "750 11 752 728
12051 I:3002 754 11 756 748
3001 S:Max MK Queue: "758 11 760 752
11076 I:3002 762 11 -1 756
