2426
1001 I:1 2 11 4 9700
1001 I:2 6 11 8 0
1001 I:5 10 11 12 4
1001 I:5 14 11 16 8
1001 I:3 18 11 20 12
1001 I:7 22 11 24 16
1001 I:7 26 11 28 20
1001 I:7 30 11 32 24
1001 I:5 34 11 36 28
1001 I:5 38 11 40 32
1001 I:5 42 11 44 36
1001 I:17 46 11 48 40
1001 I:5 50 11 52 44
1001 I:5 54 11 56 48
1001 I:5 58 11 60 52
1001 I:5 62 11 64 56
1001 I:5 66 11 68 60
1001 I:5 70 11 72 64
1001 I:5 74 11 76 68
1001 I:5 78 11 80 72
1001 I:5 82 11 84 76
1001 I:5 86 11 88 80
1001 I:5 90 11 92 84
1001 I:5 94 11 96 88
1001 I:5 98 11 100 92
1001 I:5 102 11 104 96
1001 I:5 106 11 108 100
1001 I:5 110 11 112 104
1001 I:5 114 11 116 108
1001 I:5 118 11 120 112
1001 I:5 122 11 124 116
1001 I:5 126 11 128 120
1001 I:5 130 11 132 124
1001 I:5 134 11 136 128
1001 I:5 138 11 140 132
1001 I:5 142 11 144 136
1001 I:5 146 11 148 140
1001 I:5 150 11 152 144
1001 I:5 154 11 156 148
1001 I:5 158 11 160 152
1001 I:5 162 11 164 156
1001 I:5 166 11 168 160
1001 I:5 170 11 172 164
1001 I:5 174 11 176 168
1001 I:5 178 11 180 172
1001 I:5 182 11 184 176
1001 I:5 186 11 188 180
1001 I:5 190 11 192 184
1001 I:5 194 11 196 188
1001 I:5 198 11 200 192
1001 I:5 202 11 204 196
1001 I:5 206 11 208 200
1001 I:5 210 11 212 204
1001 I:5 214 11 216 208
1001 I:5 218 11 220 212
1001 I:5 222 11 224 216
1001 I:5 226 11 228 220
1001 I:5 230 11 232 224
1001 I:5 234 11 236 228
1001 I:5 238 11 240 232
1001 I:5 242 11 244 236
1001 I:5 246 11 248 240
1001 I:5 250 11 252 244
1001 I:5 254 11 256 248
1001 I:5 258 11 260 252
1001 I:5 262 11 264 256
1001 I:5 266 11 268 260
1001 I:5 270 11 272 264
1001 I:5 274 11 276 268
1001 I:5 278 11 280 272
1001 I:5 282 11 284 276
1001 I:5 286 11 288 280
1001 I:5 290 11 292 284
1001 I:5 294 11 296 288
1001 I:5 298 11 300 292
1001 I:5 302 11 304 296
1001 I:5 306 11 308 300
1001 I:5 310 11 312 304
1001 I:5 314 11 316 308
1001 I:5 318 11 320 312
1001 I:5 322 11 324 316
1001 I:5 326 11 328 320
1001 I:5 330 11 332 324
2019 S:"334 11 336 328
10017 I:0 344 1 352 332
-24 I:0 336 1 -1 -1
2002 S:MK is not found MkTable"346 11 348 -1
6099 I:0 -1 0 -1 344
7001 I:-10000 354 11 356 336
7025 I:-1 358 11 360 352
8051 I:0 368 1 380 356
-24 I:0 360 1 -1 -1
2002 S:Integer is expected"370 11 372 -1
6099 I:0 -1 0 376 368
3004 I:0 -1 0 -1 372
6015 I:-2 382 11 384 360
6016 I:5229 386 11 388 380
6013 I:0 396 1 572 384
-24 I:0 388 1 -1 -1
3004 I:0 -1 0 -1 -1
0 I:0 402 11 -1 -1
-2 S:ContextOut"406 11 412 -1
-6 I:0 404 1 424 -1
-24 I:995 414 11 416 404
-42 S:Выдать указатель на контекст ФУ"418 11 -1 412
-2 S:ContextOutMk"422 11 428 -1
-6 I:0 420 1 -1 408
-24 I:999 430 11 432 420
-42 S:Выдать милликоманду с указателем на контекст ФУ"434 11 -1 428
0 I:0 438 11 -1 -1
-24 I:1 442 11 448 -1
-6 I:0 440 1 460 -1
-2 S:Out"450 11 452 440
-42 S:Вывод"454 11 -1 448
-24 I:2 458 11 464 -1
-6 I:0 456 1 476 444
-2 S:OutLn"466 11 468 456
-42 S:Вывод и перевод строки"470 11 -1 464
-24 I:10 474 11 480 -1
-6 I:0 472 1 -1 460
-2 S:Ln"482 11 484 472
-42 S:Перевод строки"486 11 -1 480
0 I:0 490 11 -1 -1
-24 I:1 494 11 500 -1
-6 I:0 492 1 512 -1
-2 S:MakeFU"502 11 504 492
-42 S:Создать ФУ (в нагрузке передаётся тип ФУ)"506 11 -1 500
-24 I:5 510 11 516 -1
-6 I:0 508 1 528 496
-2 S:ProgExec"518 11 520 508
-42 S:Выполнить последовательность МК из ИК"522 11 -1 516
-24 I:10 526 11 532 -1
-6 I:0 524 1 544 512
-2 S:FileOldProgExec"534 11 536 524
-42 S:Выполнить последовательность МК из индексного файла старого формата"538 11 -1 532
-24 I:20 542 11 548 -1
-6 I:0 540 1 560 528
-2 S:NFUOut"550 11 552 540
-42 S:Выдать количество ФУ, подключенных к шине"554 11 -1 548
-24 I:20 558 11 564 -1
-6 I:0 556 1 -1 544
-2 S:NFUOutMk"566 11 568 556
-42 S:Выдать МК с количеством ФУ, подключенных к шине"570 11 -1 564
5017 I:0 580 1 584 388
-24 I:0 572 1 -1 -1
30 I:6070 582 11 -1 -1
5001 I:0 592 13 868 572
-2 S:NewFU"590 11 596 -1
-6 I:0 588 1 632 -1
4161 I:0 604 1 608 588
-15 I:0 596 1 -1 -1
-304 I:0 -1 0 -1 -1
6070 I:0 616 1 620 596
-15 I:0 608 1 -1 -1
-24 I:12228 618 11 -1 -1
2001 S:NewFU "622 11 624 608
2002 I:12228 626 11 -1 620
-2 S:sin"630 11 636 -1
-6 I:0 628 1 652 592
6070 I:0 644 1 -1 628
-15 I:0 636 1 -1 -1
-314 I:39 646 11 -1 -1
-2 S:max"650 11 656 -1
-6 I:0 648 1 672 632
6070 I:0 664 1 -1 648
-15 I:0 656 1 -1 -1
-313 I:76 666 11 -1 -1
-2 S:ConsOut"670 11 676 -1
-6 I:0 668 1 692 652
6070 I:0 684 1 -1 668
-15 I:0 676 1 -1 -1
-24 I:2002 686 11 -1 -1
-2 S:Atr"690 11 696 -1
-6 I:0 688 1 712 672
6070 I:0 704 1 -1 688
-15 I:0 696 1 -1 -1
-8 I:-8 706 11 -1 -1
-2 S:Mnemo"710 11 716 -1
-6 I:0 708 1 732 692
6070 I:0 724 1 -1 708
-15 I:0 716 1 -1 -1
-8 I:-2 726 11 -1 -1
-2 S:Name"730 11 736 -1
-6 I:0 728 1 752 712
6070 I:0 744 1 -1 728
-15 I:0 736 1 -1 -1
-8 I:-72 746 11 -1 -1
-2 S:FUType"750 11 756 -1
-6 I:0 748 1 772 732
6070 I:0 764 1 -1 748
-15 I:0 756 1 -1 -1
-8 I:-22 766 11 -1 -1
-2 S:Hint"770 11 776 -1
-6 I:0 768 1 792 752
6070 I:0 784 1 -1 768
-15 I:0 776 1 -1 -1
-8 I:-42 786 11 -1 -1
-2 S:FUCons"790 11 796 -1
-6 I:0 788 1 816 772
6070 I:0 804 1 808 788
-15 I:0 796 1 -1 -1
-13 I:1 806 11 -1 -1
2002 S:FUCons !"810 11 -1 796
-2 S:Bus"814 11 820 -1
-6 I:0 812 1 844 792
-42 S:Главная шина"822 11 824 812
10001 I:0 496 13 828 820
6070 I:0 836 1 -1 824
-15 I:0 828 1 -1 -1
-300 I:1000 838 11 -1 -1
-2 S:Cons"842 11 848 -1
-6 I:0 840 1 -1 816
-42 S:Консоль вывода"850 11 852 840
10001 I:0 444 13 856 848
6070 I:0 864 1 -1 852
-15 I:0 856 1 -1 -1
-300 I:2000 866 11 -1 -1
12005 I:1 870 11 872 584
12001 I:0 880 13 948 868
-303 I:0 -1 0 884 -1
-6 I:0 876 1 892 -1
12418 I:1001 886 11 -1 876
-22 I:0 -1 0 896 -1
-6 I:0 888 1 904 880
418 I:1001 898 11 -1 888
-72 I:0 -1 0 908 -1
-6 I:0 900 1 936 892
416 I:5161 910 11 912 900
5161 I:0 920 1 924 908
-15 I:0 912 1 -1 -1
-300 I:0 -1 0 -1 -1
1041 I:5185 926 11 928 912
418 I:1025 930 11 -1 924
-42 I:0 -1 0 940 -1
-6 I:0 932 1 -1 904
2002 S:Hint"942 11 944 932
416 I:5161 946 11 -1 940
6005 I:15229 950 11 984 872
4222 I:0 960 1 964 -1
-15 I:0 952 1 -1 -1
-4 C:>"962 11 -1 -1
4023 I:0 972 1 -1 952
-15 I:0 964 1 -1 -1
4156 I:0 -1 0 976 -1
11261 I:0 -1 0 980 972
2002 S:List check > success!!!"982 11 -1 976
71001 I:0 992 13 1084 948
-4 C:{"990 11 996 -1
-6 I:0 988 1 1024 -1
6005 I:15229 998 11 1000 988
2002 S:IfAfter {"1002 11 1004 996
11170 I:0 1012 1 1016 1000
-15 I:0 1004 1 -1 -1
967 I:0 -1 0 -1 -1
11163 I:0 -1 0 -1 1004
-4 S:>>"1022 11 1028 -1
-6 I:0 1020 1 1072 992
-4 S:>>|"1030 11 1032 1020
6005 I:15229 1034 11 1036 1028
11170 I:0 1044 1 1048 1032
-15 I:0 1036 1 -1 -1
967 I:0 -1 0 -1 -1
11163 I:0 1056 1 1060 1036
-15 I:0 1048 1 -1 -1
989 I:1 1058 11 -1 -1
11156 I:0 -1 0 1064 1048
11156 I:0 -1 0 -1 1060
0 I:0 -1 0 1076 -1
-6 I:0 1068 1 -1 1024
6099 I:0 -1 0 1080 1068
2002 S:'{' is expected"1082 11 -1 1076
72001 I:0 1092 13 1136 984
-4 C:{"1090 11 1096 -1
-6 I:0 1088 1 1124 -1
6005 I:15229 1098 11 1100 1088
4156 I:0 -1 0 1104 1096
4161 I:0 1112 1 1116 1100
-15 I:0 1104 1 -1 -1
-4 C:{"1114 11 -1 -1
2002 S:ElseAfter {"1118 11 -1 1104
0 I:0 -1 0 1128 -1
-6 I:0 1120 1 -1 1092
6099 I:0 -1 0 1132 1120
2002 S:'{' is expected"1134 11 -1 1128
73001 I:0 1144 13 1220 1084
-2 S:else"1142 11 1148 -1
-6 I:0 1140 1 1160 -1
6005 I:72229 1150 11 1152 1140
2002 S:ElseWait else"1154 11 -1 1148
-2 S:elif"1158 11 1164 -1
-6 I:0 1156 1 1200 1144
6005 I:71229 1166 11 1168 1156
6002 I:62229 1170 11 1172 1164
11261 I:0 -1 0 1176 1168
11170 I:0 1184 1 1188 1172
-15 I:0 1176 1 -1 -1
26 I:0 -1 0 -1 -1
11003 I:2002 1190 11 1192 1176
2002 S:ElseWait elif"1194 11 -1 1188
0 I:0 -1 0 1204 -1
-6 I:0 1196 1 -1 1160
6005 I:15229 1206 11 1208 1196
2002 S:ElseWait end of if"1210 11 1212 1204
11003 I:2002 1214 11 1216 1208
11156 I:0 -1 0 -1 1212
83001 I:0 1228 13 1460 1136
-2 S:else"1226 11 1232 -1
-6 I:0 1224 1 1244 -1
6005 I:84229 1234 11 1236 1224
2002 S:ForElseWait ''else''"1238 11 -1 1232
0 I:0 -1 0 1248 -1
-6 I:0 1240 1 -1 1228
6005 I:15229 1250 11 1252 1240
4157 I:0 -1 0 1256 1248
11156 I:0 -1 0 1260 1252
30 I:6070 1262 11 1264 1256
2002 S:ForElseWait else"1266 11 -1 1260
26 I:0 1272 1 1276 -1
26 I:0 -1 0 -1 -1
8 I:0 1284 1 -1 1268
-15 I:0 1276 1 -1 -1
7 I:0 1288 1 1292 -1
3 I:26 1290 11 -1 -1
7 I:0 1296 1 1300 1284
505 I:0 -1 0 -1 -1
30 I:0 1304 1 -1 1292
3 I:26 1306 11 -1 -1
4220 I:0 1316 1 1320 -1
-15 I:0 1308 1 -1 -1
-2 S:for"1318 11 -1 -1
4023 I:0 1328 1 1348 1308
-15 I:0 1320 1 -1 -1
4161 I:0 1336 1 1340 -1
-15 I:0 1328 1 -1 -1
8 I:0 -1 0 -1 -1
4285 I:0 1277 6 1344 1328
2002 S:ForType for"1346 11 -1 1340
4024 I:0 1356 1 1376 1320
-15 I:0 1348 1 -1 -1
4161 I:0 1364 1 1368 -1
-15 I:0 1356 1 -1 -1
9 I:0 -1 0 -1 -1
4285 I:0 1277 6 1372 1356
2002 S:ForType after"1374 11 -1 1368
4157 I:0 -1 0 1380 1348
4157 I:0 -1 0 1384 1376
82035 I:0 1288 1 1388 1380
11171 I:0 1268 1 1392 1384
11290 I:0 1268 1 1396 1388
11155 I:11291 1398 11 1400 1392
11292 I:0 -1 0 1404 1396
11293 I:0 1419 7 1408 1400
4161 I:0 1416 1 1420 1404
-15 I:0 1408 1 -1 -1
-318 I:0 -1 0 -1 -1
11292 I:0 1296 1 1424 1408
11294 I:4160 1426 11 1428 1420
11292 I:0 1304 1 1432 1424
11294 I:4160 1434 11 1436 1428
11292 I:0 1288 1 1440 1432
11294 I:4160 1442 11 1444 1436
11292 I:0 1272 1 1448 1440
11294 I:4160 1450 11 1452 1444
2002 S:Stack:"1454 11 1456 1448
4003 I:2002 1458 11 -1 1452
82001 I:0 1468 13 1556 1220
-13 I:0 -1 0 1472 -1
-6 I:0 1464 1 1528 -1
-14 I:0 -1 0 1476 1464
-4 C:("1478 11 1480 1472
6005 I:75229 1482 11 1484 1476
990 I:0 1308 1 1488 1480
4161 I:0 1496 1 1500 1484
-15 I:0 1488 1 -1 -1
-318 I:0 -1 0 -1 -1
11161 I:0 1508 1 1512 1488
-15 I:0 1500 1 -1 -1
26 I:0 -1 0 -1 -1
6002 I:62229 1514 11 1516 1500
2002 S:ForAfter  Const Var ALE"1518 11 1520 1512
30 I:6070 1522 11 -1 1516
-306 I:0 -1 0 1532 -1
-6 I:0 1524 1 1544 1468
6005 I:74229 1534 11 1536 1524
2002 S:ForAfter Vect"1538 11 -1 1532
0 I:0 -1 0 1548 -1
-6 I:0 1540 1 -1 1528
6099 I:0 -1 0 1552 1540
2002 S:For description error"1554 11 -1 1548
74001 I:0 1564 13 1760 1460
-4 C:["1562 11 1568 -1
-6 I:0 1560 1 1608 -1
6005 I:77229 1570 11 1572 1560
6002 I:62229 1574 11 1576 1568
2002 S:Vect ["1578 11 1580 1572
11161 I:0 1588 1 1592 1576
-15 I:0 1580 1 -1 -1
990 I:0 -1 0 -1 -1
11163 I:0 1600 1 -1 1580
-15 I:0 1592 1 -1 -1
26 I:0 -1 0 -1 -1
-4 S:>>"1606 11 1612 -1
-6 I:0 1604 1 -1 1564
6005 I:15229 1614 11 1616 1604
4222 I:0 1624 1 1628 1612
-15 I:0 1616 1 -1 -1
-2 S:for"1626 11 -1 -1
4024 I:0 1636 1 1648 1616
-15 I:0 1628 1 -1 -1
6099 I:0 -1 0 1640 -1
82988 I:0 -1 0 1644 1636
2002 S:'for' is expected"1646 11 -1 1640
4157 I:0 -1 0 1652 1628
82035 I:0 1707 7 1656 1648
82035 I:0 1687 7 1660 1652
11171 I:0 1664 1 1720 1656
26 I:0 1666 11 1668 -1
8 I:0 1676 1 -1 1664
-15 I:0 1668 1 -1 -1
7 I:0 1684 1 1696 -1
-15 I:0 1676 1 -1 -1
20 I:0 -1 0 1688 -1
611 I:0 1692 1 -1 1684
989 I:4 1694 11 -1 -1
7 I:0 1704 1 1716 1676
-15 I:0 1696 1 -1 -1
20 I:0 -1 0 1708 -1
990 I:0 1712 1 -1 1704
505 I:0 -1 0 -1 -1
30 I:1 1718 11 -1 1696
11290 I:0 1664 1 1724 1660
11155 I:11291 1726 11 1728 1720
11292 I:0 1692 1 1732 1724
11293 I:0 1747 7 1736 1728
4161 I:0 1744 1 1748 1732
-15 I:0 1736 1 -1 -1
-318 I:0 -1 0 -1 -1
11292 I:0 1712 1 1752 1736
11156 I:0 -1 0 1756 1748
11294 I:11160 1758 11 -1 1752
75001 I:0 1768 13 1980 1556
-4 S:>>"1766 11 1772 -1
-6 I:0 1764 1 1888 -1
6005 I:15229 1774 11 1776 1764
4193 I:0 -1 0 1780 1772
4170 I:0 1788 1 1792 1776
-15 I:0 1780 1 -1 -1
26 I:0 1790 11 -1 -1
4156 I:0 -1 0 1796 1780
2002 S:^^^^^^"1798 11 1800 1792
4155 I:2002 1802 11 1804 1796
2002 S:ForFirstArg List:"1806 11 1808 1800
11003 I:2002 1810 11 1812 1804
2002 S:For Var/Const >>"1814 11 1816 1808
4193 I:0 -1 0 1820 1812
4171 I:0 1828 1 1832 1816
-15 I:0 1820 1 -1 -1
68 I:0 1830 11 -1 -1
4156 I:0 -1 0 1836 1820
4193 I:0 -1 0 1840 1832
4171 I:0 1848 1 1852 1836
-15 I:0 1840 1 -1 -1
30 I:1 1850 11 -1 -1
4156 I:0 -1 0 1856 1840
4170 I:0 1864 1 1868 1852
-15 I:0 1856 1 -1 -1
26 I:0 -1 0 -1 -1
2002 S:Stack:"1870 11 1872 1856
4003 I:2002 1874 11 1876 1868
6002 I:62229 1878 11 1880 1872
82036 I:2002 1882 11 -1 1876
-4 C::"1886 11 1892 -1
-6 I:0 1884 1 1916 1768
6005 I:76229 1894 11 1896 1884
11292 I:0 1272 1 1900 1892
11294 I:82035 1902 11 1904 1896
2002 S:ForFirstArg Const Var"1906 11 1908 1900
82036 I:2002 1910 11 -1 1904
0 I:0 -1 0 1920 -1
-6 I:0 1912 1 -1 1888
6005 I:77229 1922 11 1924 1912
6002 I:62229 1926 11 1928 1920
11292 I:0 1272 1 1932 1924
2002 S:for/after const/var ALE +"1934 11 1936 1928
2002 I:0 1268 1 1940 1932
2002 I:0 1272 1 1944 1936
82030 I:6070 1946 11 1948 1940
11161 I:0 1956 1 1960 1944
-15 I:0 1948 1 -1 -1
26 I:0 -1 0 -1 -1
11294 I:2002 1962 11 1964 1948
11294 I:11150 1966 11 1968 1960
2002 S:for/after const/var ALE"1970 11 1972 1964
82030 I:6070 1974 11 1976 1968
30 I:6070 1978 11 -1 1972
77001 I:0 1988 13 2008 1760
-4 C::"1986 11 1992 -1
-6 I:0 1984 1 2000 -1
6005 I:78229 1994 11 -1 1984
-4 S:>>"1998 11 2004 -1
-6 I:0 1996 1 -1 1988
6005 I:15229 2006 11 -1 1996
76001 I:0 2016 13 2032 1980
-13 I:0 -1 0 2020 -1
-6 I:0 2012 1 -1 -1
-14 I:0 -1 0 2024 2012
6005 I:78229 2026 11 2028 2020
2002 S:ForSecArgWait Const Var"2030 11 -1 2024
78001 I:0 2040 13 2124 2008
-4 S:>>"2038 11 2044 -1
-6 I:0 2036 1 2076 -1
6005 I:15229 2046 11 2048 2036
11292 I:0 1288 1 2052 2044
2002 S:ForSecArg >>"2054 11 2056 2048
11294 I:76035 2058 11 2060 2052
2002 I:0 1288 1 2064 2056
11294 I:2002 2066 11 2068 2060
76036 I:2002 2070 11 -1 2064
-4 C::"2074 11 2080 -1
-6 I:0 2072 1 2100 2040
6005 I:79229 2082 11 2084 2072
11292 I:0 1288 1 2088 2080
11294 I:76035 2090 11 2092 2084
2002 S:ForSecArgWait Const Var"2094 11 -1 2088
0 I:0 -1 0 2104 -1
-6 I:0 2096 1 -1 2076
6005 I:80229 2106 11 2108 2096
6002 I:62229 2110 11 2112 2104
2002 S:for/after const/var:const/var ALE"2114 11 2116 2108
76036 I:6070 2118 11 2120 2112
30 I:6070 2122 11 -1 2116
79001 I:0 2132 13 2160 2032
-13 I:0 -1 0 2136 -1
-6 I:0 2128 1 2148 -1
-14 I:0 -1 0 2140 2128
6005 I:81229 2142 11 -1 2136
0 I:0 -1 0 2152 -1
-6 I:0 2144 1 -1 2132
6099 I:0 -1 0 2156 2144
2002 S:for construction wrong description ForThirdArgWait"2158 11 -1 2152
80001 I:0 2168 13 2204 2124
-4 S:>>"2166 11 2172 -1
-6 I:0 2164 1 2180 -1
6005 I:15229 2174 11 -1 2164
-4 C::"2178 11 2184 -1
-6 I:0 2176 1 2192 2168
6005 I:79229 2186 11 -1 2176
0 I:0 -1 0 2196 -1
-6 I:0 2188 1 -1 2180
6099 I:0 -1 0 2200 2188
2002 S:for construction wrong description ForSecArgAfter"2202 11 -1 2196
81001 I:0 2212 13 2256 2160
-4 S:>>"2210 11 2216 -1
-6 I:0 2208 1 2232 -1
6005 I:15229 2218 11 2220 2208
11292 I:0 -1 0 2224 2216
11294 I:79035 2226 11 -1 2220
0 I:0 -1 0 2236 -1
-6 I:0 2228 1 -1 2212
6005 I:82229 2238 11 2240 2228
6002 I:62229 2242 11 2244 2236
2002 S:for/after const/var:const/var:const/var ALE"2246 11 2248 2240
79036 I:6070 2250 11 2252 2244
30 I:6070 2254 11 -1 2248
15001 I:0 2264 13 3196 2204
-2 S:for"2262 11 2268 -1
-6 I:0 2260 1 2308 -1
6005 I:82229 2270 11 2272 2260
11170 I:0 2280 1 2284 2268
-15 I:0 2272 1 -1 -1
7 I:0 -1 0 -1 -1
11163 I:0 -1 0 2288 2272
4161 I:0 2296 1 2300 2284
-15 I:0 2288 1 -1 -1
-2 S:for"2298 11 -1 -1
2002 S:for Root"2302 11 -1 2288
-2 S:after"2306 11 2312 -1
-6 I:0 2304 1 2352 2264
6005 I:82229 2314 11 2316 2304
11170 I:0 2324 1 2328 2312
-15 I:0 2316 1 -1 -1
7 I:0 -1 0 -1 -1
11163 I:0 -1 0 2332 2316
4161 I:0 2340 1 2344 2328
-15 I:0 2332 1 -1 -1
-2 S:after"2342 11 -1 -1
2002 S:after"2346 11 -1 2332
-2 S:if"2350 11 2356 -1
-6 I:0 2348 1 2408 2308
6005 I:71229 2358 11 2360 2348
6002 I:62229 2362 11 2364 2356
2002 S:Root if"2366 11 2368 2360
4161 I:0 2376 1 2380 2364
-15 I:0 2368 1 -1 -1
-316 I:0 -1 0 -1 -1
11161 I:0 2388 1 2392 2368
-15 I:0 2380 1 -1 -1
990 I:0 -1 0 -1 -1
11163 I:0 2400 1 -1 2380
-15 I:0 2392 1 -1 -1
26 I:0 -1 0 -1 -1
-2 S:else"2406 11 2412 -1
-6 I:0 2404 1 2424 2352
6005 I:15229 2414 11 2416 2404
6002 I:62229 2418 11 -1 2412
-4 S:"2422 11 2428 -1
-6 I:0 2420 1 2472 2408
2002 S:End of program!!!"2430 11 2432 2420
4222 I:0 2440 1 2444 2428
-15 I:0 2432 1 -1 -1
-304 I:0 -1 0 -1 -1
4023 I:0 2452 1 -1 2432
-15 I:0 2444 1 -1 -1
2002 S:MkExecSuссess"2454 11 2456 -1
4157 I:0 -1 0 2460 2452
2002 S:MkExec"2462 11 2464 2456
11425 I:1100 2466 11 -1 2460
-300 I:0 -1 0 2476 -1
-6 I:0 2468 1 2492 2424
6002 I:14229 2478 11 2480 2468
2002 S:FU Root"2482 11 2484 2476
30 I:6070 2486 11 -1 2480
-4 C:."2490 11 2496 -1
-6 I:0 2488 1 2564 2472
6002 I:14229 2498 11 2500 2488
4222 I:0 2508 1 2512 2496
-15 I:0 2500 1 -1 -1
-307 I:0 -1 0 -1 -1
4024 I:0 2520 1 2532 2500
-15 I:0 2512 1 -1 -1
6099 I:0 -1 0 2524 -1
2002 S:Fu name is expected"2526 11 2528 2520
988 I:0 -1 0 -1 2524
4158 I:0 2547 7 2536 2512
6070 I:0 2544 1 2548 2532
-15 I:0 2536 1 -1 -1
-300 I:0 -1 0 -1 -1
6070 I:0 2556 1 -1 2536
-15 I:0 2548 1 -1 -1
-4 C:."2558 11 -1 -1
-4 C:)"2562 11 2568 -1
-6 I:0 2560 1 2616 2492
6005 I:15229 2570 11 2572 2560
4222 I:0 2580 1 2584 2568
-15 I:0 2572 1 -1 -1
-307 I:0 -1 0 -1 -1
4024 I:0 2592 1 2608 2572
-15 I:0 2584 1 -1 -1
6099 I:0 -1 0 2596 -1
2002 S: ')' without '('"2598 11 2600 2592
988 I:0 -1 0 2604 2596
4003 I:2002 2606 11 -1 2600
4262 I:0 -1 0 -1 2584
-24 I:0 -1 0 2620 -1
-6 I:0 2612 1 2640 2564
6005 I:16229 2622 11 2624 2612
958 I:0 952 1 2628 2620
11170 I:0 -1 0 2632 2624
36 I:11189 2634 11 -1 2628
-8 I:0 -1 0 2644 -1
-6 I:0 2636 1 2692 2616
6005 I:16229 2646 11 2648 2636
958 I:0 952 1 2652 2644
11014 I:0 2660 1 2676 2648
-15 I:0 2652 1 -1 -1
6099 I:0 -1 0 2664 -1
2002 S:Attribute on first lavel of OA graph"2666 11 2668 2660
988 I:0 -1 0 2672 2664
11003 I:2002 2674 11 -1 2668
11170 I:0 -1 0 2680 2652
36 I:11189 2682 11 2684 2676
2002 S:Atr of Root"2686 11 -1 2680
-2 I:0 -1 0 2696 -1
-6 I:0 2688 1 2756 2640
6005 I:27229 2698 11 2700 2688
958 I:0 952 1 2704 2696
11013 I:0 2712 1 2732 2700
-15 I:0 2704 1 -1 -1
6099 I:0 -1 0 2716 -1
3004 I:0 -1 0 2720 2712
2003 S:Mnemonics on no first lavel of OA graph"2722 11 2724 2716
15030 I:2002 2726 11 2728 2720
15988 I:0 -1 0 -1 2724
30 I:5161 2734 11 2736 2704
5170 I:0 2744 1 2748 2732
-15 I:0 2736 1 -1 -1
6070 I:0 -1 0 -1 -1
2002 S:Mnemo1"2750 11 -1 2736
-13 I:0 -1 0 2760 -1
-6 I:0 2752 1 2800 2692
958 I:0 952 1 2764 2752
6005 I:16229 2766 11 2768 2760
11019 I:0 2776 1 2788 2764
-15 I:0 2768 1 -1 -1
2003 S:Constant insted MK on first lavel of OA graph"2778 11 2780 -1
6099 I:0 -1 0 2784 2776
988 I:0 -1 0 -1 2780
11170 I:0 -1 0 2792 2768
36 I:11189 2794 11 -1 2788
-14 I:0 -1 0 2804 -1
-6 I:0 2796 1 2816 2756
6005 I:41229 2806 11 2808 2796
2002 S:Root Var"2810 11 -1 2804
-14 I:0 -1 0 2820 -1
-6 I:0 2812 1 2836 2800
6005 I:15229 2822 11 2824 2812
6002 I:48229 2826 11 2828 2820
30 I:6070 2830 11 -1 2824
-4 C:}"2834 11 2840 -1
-6 I:0 2832 1 3112 2816
6005 I:15229 2842 11 2844 2832
11266 I:0 2852 1 2872 2840
-15 I:0 2844 1 -1 -1
11014 I:0 2860 1 -1 -1
-15 I:0 2852 1 -1 -1
2002 S:Wrong '}' on first level of OA-graph"2862 11 2864 -1
6099 I:0 -1 0 2868 2860
988 I:0 -1 0 -1 2864
4220 I:0 2880 1 2884 2844
-15 I:0 2872 1 -1 -1
-317 I:0 -1 0 -1 -1
4023 I:0 2892 1 2912 2872
-15 I:0 2884 1 -1 -1
6005 I:15229 2894 11 2896 -1
2002 S:Root ElseAtr"2898 11 2900 2892
4157 I:0 -1 0 2904 2896
11156 I:0 -1 0 2908 2900
15988 I:0 -1 0 -1 2904
4220 I:0 2920 1 2924 2884
-15 I:0 2912 1 -1 -1
-316 I:0 -1 0 -1 -1
4023 I:0 2932 1 2956 2912
-15 I:0 2924 1 -1 -1
6005 I:73229 2934 11 2936 -1
2002 S:Root ifAtr"2938 11 2940 2932
11003 I:2165 2942 11 2944 2936
11156 I:0 -1 0 2948 2940
11003 I:2002 2950 11 2952 2944
15988 I:0 -1 0 -1 2948
4220 I:0 2964 1 2968 2924
-15 I:0 2956 1 -1 -1
-318 I:0 -1 0 -1 -1
4023 I:0 2976 1 2988 2956
-15 I:0 2968 1 -1 -1
6005 I:83229 2978 11 2980 -1
15988 I:0 -1 0 2984 2976
2002 S:To ForElseWait"2986 11 -1 2980
4222 I:0 2996 1 3000 2968
-15 I:0 2988 1 -1 -1
-4 C:{"2998 11 -1 -1
4024 I:0 3008 1 3024 2988
-15 I:0 3000 1 -1 -1
2002 S:'}' without '{'"3010 11 3012 -1
6099 I:0 -1 0 3016 3008
4003 I:2002 3018 11 3020 3012
15988 I:0 -1 0 -1 3016
2002 C:}"3026 11 3028 3000
11156 I:0 -1 0 3032 3024
4156 I:0 -1 0 3036 3028
2002 S:---Stack---"3038 11 3040 3032
4003 I:2002 3042 11 3044 3036
2002 S:---OAList---"3046 11 3048 3040
11004 I:2002 3050 11 3052 3044
2002 S:======"3054 11 3056 3048
4222 I:0 3064 1 3068 3052
-15 I:0 3056 1 -1 -1
-304 I:0 -1 0 -1 -1
4023 I:0 3076 1 3092 3056
-15 I:0 3068 1 -1 -1
2002 S:MkExecSuссess"3078 11 3080 -1
4157 I:0 -1 0 3084 3076
2002 S:MkExec"3086 11 3088 3080
11425 I:1100 3090 11 -1 3084
2002 S:--Stack--"3094 11 3096 3068
4003 I:2002 3098 11 3100 3092
2002 S:--OAList--"3102 11 3104 3096
11003 I:2002 3106 11 -1 3100
-4 C:>"3110 11 3116 -1
-6 I:0 3108 1 3168 2836
6005 I:18229 3118 11 3120 3108
4222 I:0 3128 1 3132 3116
-15 I:0 3120 1 -1 -1
-4 C:>"3130 11 -1 -1
4024 I:0 3140 1 3156 3120
-15 I:0 3132 1 -1 -1
2002 S:Undeclareted list"3142 11 3144 -1
4003 I:2002 3146 11 3148 3140
6099 I:0 -1 0 3152 3144
988 I:0 -1 0 -1 3148
2002 S:> again"3158 11 3160 3132
11004 I:2002 3162 11 -1 3156
-102 I:0 -1 0 3172 -1
-6 I:0 3164 1 3180 3112
6005 I:34229 3174 11 -1 3164
0 I:0 -1 0 3184 -1
-6 I:0 3176 1 -1 3168
2002 S:Error of Root"3186 11 3188 3176
6099 I:0 -1 0 3192 3184
30 I:2002 3194 11 -1 3188
41001 I:0 3204 13 3288 2256
-4 C:="3202 11 3208 -1
-6 I:0 3200 1 3252 -1
-4 C:,"3210 11 3212 3200
2002 S:VarRoot = ,"3214 11 3216 3208
6005 I:15229 3218 11 3220 3212
6002 I:48229 3222 11 3224 3216
11170 I:0 3232 1 3236 3220
-15 I:0 3224 1 -1 -1
990 I:0 -1 0 -1 -1
11163 I:0 -1 0 3240 3224
15030 I:48229 3242 11 3244 3236
30 I:6070 3246 11 -1 3240
0 I:0 -1 0 3256 -1
-6 I:0 3248 1 -1 3204
6005 I:15229 3258 11 3260 3248
2002 S:VarRoot else"3262 11 3264 3256
30 I:2002 3266 11 3268 3260
15035 I:0 3283 7 3272 3264
11170 I:0 3280 1 3284 3268
-15 I:0 3272 1 -1 -1
506 I:0 -1 0 -1 -1
30 I:15229 3286 11 -1 3272
14001 I:0 3296 13 3332 3196
-300 I:0 -1 0 3300 -1
-6 I:0 3292 1 3320 -1
2002 S:FU MkAutomat"3302 11 3304 3292
6005 I:21229 3306 11 3308 3300
2002 S:MkAutom start"3310 11 3312 3304
36 I:8001 3314 11 -1 3308
0 I:0 -1 0 3324 -1
-6 I:0 3316 1 -1 3296
2002 S:MkAutom Error"3326 11 3328 3316
6099 I:0 -1 0 -1 3324
21001 I:0 3340 13 3420 3288
-4 C:."3338 11 3344 -1
-6 I:0 3336 1 3376 -1
6005 I:22228 3346 11 3348 3336
2002 S:FU."3350 11 3352 3344
6015 I:-2 3354 11 3356 3348
6016 I:10228 3358 11 3360 3352
10012 I:0 3368 1 -1 3356
-15 I:0 3360 1 -1 -1
400 I:6070 3370 11 -1 -1
-4 C:("3374 11 3380 -1
-6 I:0 3372 1 3404 3340
6005 I:15229 3382 11 3384 3372
4161 I:0 3392 1 3396 3380
-15 I:0 3384 1 -1 -1
-307 I:0 -1 0 -1 -1
10003 I:4185 3398 11 -1 3384
0 I:0 -1 0 3408 -1
-6 I:0 3400 1 -1 3376
2002 S:'.' is not found"3410 11 3412 3400
6099 I:0 -1 0 3416 3408
30 I:2002 3418 11 -1 3412
22001 I:0 3428 13 3480 3332
-24 I:0 -1 0 3432 -1
-6 I:0 3424 1 3468 -1
418 I:8140 3434 11 3436 3424
2002 S:'.Mk'"3438 11 3440 3432
6015 I:-2 3442 11 3444 3436
6016 I:5229 3446 11 3448 3440
8002 I:0 3463 7 3452 3444
6001 I:0 3460 1 -1 3448
-15 I:0 3452 1 -1 -1
-24 I:0 -1 0 -1 -1
0 I:0 -1 0 3472 -1
-6 I:0 3464 1 -1 3428
6099 I:0 -1 0 3476 3464
2002 S:Wrong Mk desription"3478 11 -1 3472
25001 I:0 3488 13 3560 3420
-4 C:)"3486 11 3492 -1
-6 I:0 3484 1 3548 -1
6005 I:26229 3494 11 3496 3484
2002 S: ")" "3498 11 3500 3492
4220 I:0 3508 1 3512 3496
-15 I:0 3500 1 -1 -1
-308 I:0 -1 0 -1 -1
4023 I:0 3520 1 3528 3500
-15 I:0 3512 1 -1 -1
4157 I:0 -1 0 3524 -1
2002 S:Stack last del"3526 11 -1 3520
4024 I:0 3536 1 -1 3512
-15 I:0 3528 1 -1 -1
6099 I:0 -1 0 3540 -1
2002 S:')' without '(' !!!"3542 11 -1 3536
0 I:0 -1 0 3552 -1
-6 I:0 3544 1 -1 3488
6099 I:0 -1 0 3556 3544
2002 S: ")" is not found"3558 11 -1 3552
26001 I:0 3568 13 3608 3480
-4 C:!"3566 11 3572 -1
-6 I:0 3564 1 3588 -1
6005 I:15229 3574 11 3576 3564
17036 I:5228 3578 11 3580 3572
5166 I:0 -1 0 -1 3576
0 I:0 -1 0 3592 -1
-6 I:0 3584 1 -1 3568
6005 I:15229 3594 11 3596 3584
2002 S:LoadEnd"3598 11 3600 3592
6035 I:2002 3602 11 3604 3596
30 I:6070 3606 11 -1 3600
47001 I:0 3616 13 3640 3560
-4 C:)"3614 11 3620 -1
-6 I:0 3612 1 3628 -1
6005 I:15229 3622 11 -1 3612
0 I:0 -1 0 3632 -1
-6 I:0 3624 1 -1 3616
6099 I:0 -1 0 3636 3624
2002 S:')' is not found"3638 11 -1 3632
27001 I:0 3648 13 3860 3608
-4 C:{"3646 11 3652 -1
-6 I:0 3644 1 3716 -1
6005 I:15229 3654 11 3656 3644
11013 I:0 3664 1 3672 3652
-15 I:0 3656 1 -1 -1
2002 S:IC inisialization on no first level of programm"3666 11 3668 -1
6099 I:0 -1 0 -1 3664
11161 I:0 -1 0 3676 3656
5163 I:0 3684 1 3688 3672
-15 I:0 3676 1 -1 -1
-102 I:0 -1 0 -1 -1
11155 I:5185 3690 11 3692 3676
5156 I:0 -1 0 3696 3688
4161 I:0 3704 1 3708 3692
-15 I:0 3696 1 -1 -1
-4 C:{"3706 11 -1 -1
2002 S:MnemoAnalysis {"3710 11 -1 3696
-4 C:="3714 11 3720 -1
-6 I:0 3712 1 3732 3648
6005 I:30229 3722 11 3724 3712
2002 S:MnemoAnalysis ="3726 11 -1 3720
-4 S::="3730 11 3736 -1
-6 I:0 3728 1 3744 3716
6005 I:28229 3738 11 -1 3728
-4 C:*"3742 11 3748 -1
-6 I:0 3740 1 3756 3732
6005 I:29229 3750 11 -1 3740
-4 C:>"3754 11 3760 -1
-6 I:0 3752 1 3804 3744
6005 I:18229 3762 11 3764 3752
11241 I:0 -1 0 3768 3760
4160 I:0 3776 1 3780 3764
-15 I:0 3768 1 -1 -1
-4 C:>"3778 11 -1 -1
5163 I:0 3788 1 3792 3768
-15 I:0 3780 1 -1 -1
-102 I:0 -1 0 -1 -1
11003 I:5185 3794 11 3796 3780
5156 I:0 -1 0 -1 3792
-4 C:<"3802 11 3808 -1
-6 I:0 3800 1 3816 3756
6005 I:18229 3810 11 -1 3800
0 I:0 -1 0 3820 -1
-6 I:0 3812 1 -1 3804
6005 I:15229 3822 11 3824 3812
5163 I:0 3832 1 3836 3820
-15 I:0 3824 1 -1 -1
-8 I:0 -1 0 -1 -1
5170 I:0 3844 1 3848 3824
-15 I:0 3836 1 -1 -1
6070 I:0 -1 0 -1 -1
7021 I:5186 3850 11 3852 3836
5156 I:0 -1 0 3856 3848
2002 S:Atr MnemoAnalysis"3858 11 -1 3852
28001 I:0 3868 13 3908 3640
-13 I:0 -1 0 3872 -1
-6 I:0 3864 1 3880 -1
6005 I:15229 3874 11 -1 3864
-4 C:["3878 11 3884 -1
-6 I:0 3876 1 3892 3868
6005 I:48229 3886 11 -1 3876
0 I:0 -1 0 3896 -1
-6 I:0 3888 1 -1 3880
2002 S:Const error"3898 11 3900 3888
6099 I:0 -1 0 3904 3896
3004 I:0 -1 0 -1 3900
29001 I:0 3916 13 3968 3860
-13 I:0 -1 0 3920 -1
-6 I:0 3912 1 3952 -1
6005 I:15229 3922 11 3924 3912
5163 I:0 3932 1 3936 3920
-15 I:0 3924 1 -1 -1
-8 I:0 -1 0 -1 -1
36 I:8001 3938 11 3940 3924
8021 I:5185 3942 11 3944 3936
5156 I:0 -1 0 -1 3940
0 I:0 -1 0 3956 -1
-6 I:0 3948 1 -1 3916
2002 S:Integer is waiting"3958 11 3960 3948
6099 I:0 -1 0 3964 3956
3004 I:0 -1 0 -1 3960
30001 I:0 3976 13 4092 3908
-13 I:0 -1 0 3980 -1
-6 I:0 3972 1 4016 -1
6005 I:15229 3982 11 3984 3972
5163 I:0 3992 1 3996 3980
-15 I:0 3984 1 -1 -1
-14 I:0 -1 0 -1 -1
36 I:5185 3998 11 4000 3984
5174 I:0 4002 11 4004 3996
5156 I:0 -1 0 4008 4000
2002 S:VarIniWait Const"4010 11 -1 4004
-306 I:0 -1 0 4020 -1
-6 I:0 4012 1 4032 3976
6005 I:15229 4022 11 4024 4012
30 I:5170 4026 11 -1 4020
-4 C:["4030 11 4036 -1
-6 I:0 4028 1 4076 4016
6005 I:42229 4038 11 4040 4028
13280 I:0 -1 0 4044 4036
5163 I:0 4052 1 4056 4040
-15 I:0 4044 1 -1 -1
-306 I:0 -1 0 -1 -1
2002 S:Vect ini"4058 11 4060 4044
13003 I:2002 4062 11 4064 4056
13003 I:5185 4066 11 4068 4060
5156 I:0 -1 0 -1 4064
0 I:0 -1 0 4080 -1
-6 I:0 4072 1 -1 4032
2002 S:Variable inisialization error"4082 11 4084 4072
6099 I:0 -1 0 4088 4080
32 I:2002 4090 11 -1 4084
16001 I:0 4100 13 4152 3968
-4 C:="4098 11 4104 -1
-6 I:0 4096 1 4116 -1
6005 I:17229 4106 11 4108 4096
2002 S:EqualWait ="4110 11 -1 4104
-4 C:}"4114 11 4120 -1
-6 I:0 4112 1 4140 4100
6005 I:15229 4122 11 4124 4112
15229 I:0 4132 1 -1 4120
-15 I:0 4124 1 -1 -1
-4 C:}"4134 11 -1 -1
0 I:0 -1 0 4144 -1
-6 I:0 4136 1 -1 4116
6005 I:15229 4146 11 4148 4136
30 I:6070 4150 11 -1 4144
17001 I:0 4160 13 4712 4092
-300 I:0 -1 0 4164 -1
-6 I:0 4156 1 4180 -1
6002 I:14229 4166 11 4168 4156
2002 S:FU2"4170 11 4172 4164
30 I:6070 4174 11 -1 4168
-4 C:."4178 11 4184 -1
-6 I:0 4176 1 4252 4160
6002 I:14229 4186 11 4188 4176
4222 I:0 4196 1 4200 4184
-15 I:0 4188 1 -1 -1
-307 I:0 -1 0 -1 -1
4024 I:0 4208 1 4220 4188
-15 I:0 4200 1 -1 -1
6099 I:0 -1 0 4212 -1
2002 S:Fu name is expected"4214 11 4216 4208
988 I:0 -1 0 -1 4212
4158 I:0 4235 7 4224 4200
6070 I:0 4232 1 4236 4220
-15 I:0 4224 1 -1 -1
-300 I:0 -1 0 -1 -1
6070 I:0 4244 1 -1 4224
-15 I:0 4236 1 -1 -1
-4 C:."4246 11 -1 -1
-306 I:0 -1 0 4256 -1
-6 I:0 4248 1 4360 4180
2002 S:ALECheck Vect"4258 11 4260 4248
6005 I:15229 4262 11 4264 4256
6002 I:62229 4266 11 4268 4260
15030 I:4161 4270 11 4272 4264
4222 I:0 4280 1 4284 4268
-15 I:0 4272 1 -1 -1
-24 I:0 -1 0 -1 -1
4024 I:0 4292 1 4304 4272
-15 I:0 4284 1 -1 -1
6099 I:0 -1 0 4296 -1
45988 I:0 -1 0 4300 4292
2002 S:Mk is required"4302 11 -1 4296
4157 I:0 -1 0 4308 4284
11189 I:13990 4310 11 4312 4304
11163 I:0 4320 1 4324 4308
-15 I:0 4312 1 -1 -1
11 I:0 -1 0 -1 -1
15036 I:11185 4326 11 4328 4312
11170 I:0 4336 1 4340 4324
-15 I:0 4328 1 -1 -1
26 I:0 -1 0 -1 -1
49229 I:0 4348 1 4352 4328
-15 I:0 4340 1 -1 -1
-4 C:="4350 11 -1 -1
30 I:6070 4354 11 -1 4340
-4 C:("4358 11 4364 -1
-6 I:0 4356 1 4468 4252
-4 C:-"4366 11 4368 4356
-2 S:tern"4370 11 4372 4364
-78 I:0 -1 0 4376 4368
-312 I:0 -1 0 4380 4372
-313 I:0 -1 0 4384 4376
-314 I:0 -1 0 4388 4380
6005 I:15229 4390 11 4392 4384
2002 S:EqualAfter ("4394 11 4396 4388
15030 I:4161 4398 11 4400 4392
4222 I:0 4408 1 4412 4396
-15 I:0 4400 1 -1 -1
-24 I:0 -1 0 -1 -1
4024 I:0 4420 1 4432 4400
-15 I:0 4412 1 -1 -1
6099 I:0 -1 0 4424 -1
17988 I:0 -1 0 4428 4420
2002 S:Mk is required"4430 11 -1 4424
4157 I:0 -1 0 4436 4412
11189 I:13990 4438 11 4440 4432
11163 I:0 4448 1 4452 4436
-15 I:0 4440 1 -1 -1
11 I:0 -1 0 -1 -1
15036 I:11185 4454 11 4456 4440
6002 I:61229 4458 11 4460 4452
30 I:6070 4462 11 -1 4456
-13 I:0 -1 0 4472 -1
-6 I:0 4464 1 4492 4360
-14 I:0 -1 0 4476 4464
-306 I:0 -1 0 4480 4472
2002 S:EqualAfter Const Var"4482 11 4484 4476
6005 I:45229 4486 11 -1 4480
-8 I:0 -1 0 4496 -1
-6 I:0 4488 1 4512 4468
6005 I:15229 4498 11 4500 4488
36 I:5163 4502 11 4504 4496
5156 I:0 -1 0 -1 4500
-24 I:0 -1 0 4516 -1
-6 I:0 4508 1 4524 4492
6005 I:23229 4518 11 -1 4508
-2 I:0 -1 0 4528 -1
-6 I:0 4520 1 4556 4512
6005 I:20229 4530 11 4532 4520
30 I:5161 4534 11 4536 4528
5170 I:0 4544 1 4548 4532
-15 I:0 4536 1 -1 -1
6070 I:0 -1 0 -1 -1
2002 S:EqualAfter Mnemo"4550 11 -1 4536
-4 C:{"4554 11 4560 -1
-6 I:0 4552 1 4612 4524
6005 I:15229 4562 11 4564 4552
2002 S:={ !"4566 11 4568 4560
11003 I:2002 4570 11 4572 4564
2002 S:`````````"4574 11 4576 4568
11163 I:0 -1 0 4580 4572
11003 I:2002 4582 11 4584 4576
4160 I:0 4592 1 4596 4580
-15 I:0 4584 1 -1 -1
-4 C:{"4594 11 -1 -1
2002 S:Stack:"4598 11 4600 4584
4003 I:2002 4602 11 4604 4596
2002 S:`````````"4606 11 -1 4600
-4 C:>"4610 11 4616 -1
-6 I:0 4608 1 4652 4556
6005 I:18229 4618 11 4620 4608
11243 I:0 -1 0 4624 4616
4160 I:0 4632 1 4636 4620
-15 I:0 4624 1 -1 -1
-4 C:>"4634 11 -1 -1
2002 S:= >"4638 11 4640 4624
11004 I:2002 4642 11 4644 4636
2002 S:= >"4646 11 -1 4640
-4 C:<"4650 11 4656 -1
-6 I:0 4648 1 4664 4612
6005 I:18229 4658 11 -1 4648
-2 I:0 -1 0 4668 -1
-6 I:0 4660 1 4676 4652
6005 I:38229 4670 11 -1 4660
-102 I:0 -1 0 4680 -1
-6 I:0 4672 1 4688 4664
6005 I:15229 4682 11 -1 4672
-309 I:0 -1 0 4692 -1
-6 I:0 4684 1 4700 4676
6005 I:15229 4694 11 -1 4684
0 I:0 -1 0 4704 -1
-6 I:0 4696 1 -1 4688
6099 I:0 -1 0 4708 4696
2002 S:Mk or Var is expected"4710 11 -1 4704
23001 I:0 4720 13 4780 4152
-4 C:="4718 11 4724 -1
-6 I:0 4716 1 4744 -1
6005 I:17229 4726 11 4728 4716
8021 I:11210 4730 11 4732 4724
9130 I:0 -1 0 4736 4728
2002 S:LoadAfter ="4738 11 -1 4732
0 I:0 -1 0 4748 -1
-6 I:0 4740 1 -1 4720
6005 I:15229 4750 11 4752 4740
8021 I:11185 4754 11 4756 4748
2001 S:BackClone "4758 11 4760 4752
9021 I:2002 4762 11 4764 4756
9021 I:11215 4766 11 4768 4760
9001 I:0 4770 11 4772 4764
30 I:15229 4774 11 4776 4768
2002 S:LoadAfter else"4778 11 -1 4772
20001 I:0 4788 13 4960 4712
-4 C:{"4786 11 4792 -1
-6 I:0 4784 1 4844 -1
6005 I:15229 4794 11 4796 4784
11160 I:0 -1 0 4800 4792
11163 I:0 -1 0 4804 4796
5163 I:0 4812 1 4816 4800
-15 I:0 4804 1 -1 -1
-102 I:0 -1 0 -1 -1
11155 I:5185 4818 11 4820 4804
5156 I:0 -1 0 4824 4816
4161 I:0 4832 1 4836 4820
-15 I:0 4824 1 -1 -1
-4 C:{"4834 11 -1 -1
2002 S:=Name{"4838 11 -1 4824
-4 C:>"4842 11 4848 -1
-6 I:0 4840 1 4896 4788
6005 I:18229 4850 11 4852 4840
4160 I:0 4860 1 4864 4848
-15 I:0 4852 1 -1 -1
-4 C:>"4862 11 -1 -1
11244 I:0 -1 0 4868 4852
5163 I:0 4876 1 4880 4864
-15 I:0 4868 1 -1 -1
-102 I:0 -1 0 -1 -1
11003 I:5185 4882 11 4884 4868
2002 S:Mnemo >"4886 11 4888 4880
5156 I:0 -1 0 -1 4884
-4 C:<"4894 11 4900 -1
-6 I:0 4892 1 4908 4844
6005 I:18229 4902 11 -1 4892
-4 C:("4906 11 4912 -1
-6 I:0 4904 1 4936 4896
6005 I:31229 4914 11 4916 4904
4161 I:0 4924 1 4928 4912
-15 I:0 4916 1 -1 -1
-308 I:0 -1 0 -1 -1
2002 S:LoadVar"4930 11 -1 4916
0 I:0 -1 0 4940 -1
-6 I:0 4932 1 -1 4908
6005 I:15229 4942 11 4944 4932
5163 I:0 4952 1 4956 4940
-15 I:0 4944 1 -1 -1
-305 I:0 -1 0 -1 -1
11198 I:5185 4958 11 -1 4944
18001 I:0 4968 13 5128 4780
-4 C:{"4966 11 4972 -1
-6 I:0 4964 1 5016 -1
6005 I:15229 4974 11 4976 4964
4160 I:0 4984 1 4988 4972
-15 I:0 4976 1 -1 -1
-4 C:{"4986 11 -1 -1
11160 I:0 -1 0 4992 4976
2002 S:ListBefore >{"4994 11 4996 4988
11003 I:2002 4998 11 5000 4992
11192 I:0 -1 0 5004 4996
2002 S:ListAfter >{"5006 11 5008 5000
11004 I:2002 5010 11 -1 5004
-13 I:0 -1 0 5020 -1
-6 I:0 5012 1 5040 4968
-8 I:0 -1 0 5024 5012
-14 I:0 -1 0 5028 5020
6005 I:15229 5030 11 5032 5024
408 I:11185 5034 11 -1 5028
-4 C:{"5038 11 5044 -1
-6 I:0 5036 1 5068 5016
6005 I:15229 5046 11 5048 5036
4160 I:0 5056 1 5060 5044
-15 I:0 5048 1 -1 -1
-4 C:{"5058 11 -1 -1
11244 I:0 -1 0 -1 5048
-24 I:0 -1 0 5072 -1
-6 I:0 5064 1 5080 5040
6005 I:15229 5074 11 -1 5064
-2 I:0 -1 0 5084 -1
-6 I:0 5076 1 5108 5068
6005 I:19229 5086 11 5088 5076
30 I:5161 5090 11 5092 5084
5170 I:0 5100 1 -1 5088
-15 I:0 5092 1 -1 -1
6070 I:0 -1 0 -1 -1
-4 C:>"5106 11 5112 -1
-6 I:0 5104 1 5120 5080
6005 I:18229 5114 11 -1 5104
-4 C:<"5118 11 5124 -1
-6 I:0 5116 1 -1 5108
6005 I:18229 5126 11 -1 5116
19001 I:0 5136 13 5200 4960
-4 C:{"5134 11 5140 -1
-6 I:0 5132 1 5188 -1
6005 I:15229 5142 11 5144 5132
4160 I:0 5152 1 5156 5140
-15 I:0 5144 1 -1 -1
-4 C:{"5154 11 -1 -1
5163 I:0 5164 1 5168 5144
-15 I:0 5156 1 -1 -1
-102 I:0 -1 0 -1 -1
11160 I:0 -1 0 5172 5156
11192 I:0 -1 0 5176 5168
11155 I:5185 5178 11 5180 5172
5156 I:0 -1 0 -1 5176
0 I:0 -1 0 5192 -1
-6 I:0 5184 1 -1 5136
2002 S:Wrong mnemonics description"5194 11 5196 5184
6099 I:0 -1 0 -1 5192
31001 I:0 5208 13 5408 5128
-300 I:0 -1 0 5212 -1
-6 I:0 5204 1 5224 -1
6002 I:32229 5214 11 5216 5204
2002 S:FU3"5218 11 -1 5212
-4 C:."5222 11 5228 -1
-6 I:0 5220 1 5296 5208
6002 I:14229 5230 11 5232 5220
4222 I:0 5240 1 5244 5228
-15 I:0 5232 1 -1 -1
-307 I:0 -1 0 -1 -1
4024 I:0 5252 1 5264 5232
-15 I:0 5244 1 -1 -1
6099 I:0 -1 0 5256 -1
2002 S:Fu name is expected"5258 11 5260 5252
988 I:0 -1 0 -1 5256
4158 I:0 5279 7 5268 5244
6070 I:0 5276 1 5280 5264
-15 I:0 5268 1 -1 -1
-300 I:0 -1 0 -1 -1
6070 I:0 5288 1 -1 5268
-15 I:0 5280 1 -1 -1
-4 C:."5290 11 -1 -1
-24 I:0 -1 0 5300 -1
-6 I:0 5292 1 5344 5224
-8 I:0 -1 0 5304 5292
6005 I:25229 5306 11 5308 5300
958 I:0 952 1 5312 5304
36 I:11185 5314 11 5316 5308
5163 I:0 5324 1 5328 5312
-15 I:0 5316 1 -1 -1
-14 I:0 -1 0 -1 -1
2002 S:FUAfter3 fin"5330 11 5332 5316
11169 I:5185 5334 11 5336 5328
5156 I:0 -1 0 -1 5332
-13 I:0 -1 0 5348 -1
-6 I:0 5340 1 5364 5296
6005 I:46229 5350 11 5352 5340
30 I:5170 5354 11 5356 5348
5174 I:0 -1 0 -1 5352
-14 I:0 -1 0 5368 -1
-6 I:0 5360 1 5376 5344
6005 I:46229 5370 11 -1 5360
-4 C:("5374 11 5380 -1
-6 I:0 5372 1 5396 5364
6005 I:47229 5382 11 5384 5372
6002 I:62229 5386 11 5388 5380
30 I:6070 5390 11 -1 5384
0 I:0 -1 0 5400 -1
-6 I:0 5392 1 -1 5376
2002 S:Var or Const is expected"5402 11 5404 5392
6099 I:0 -1 0 -1 5400
32001 I:0 5416 13 5496 5200
-4 C:."5414 11 5420 -1
-6 I:0 5412 1 5436 -1
6002 I:14229 5422 11 5424 5412
31030 I:6070 5426 11 5428 5420
30 I:6070 5430 11 -1 5424
-24 I:0 -1 0 5440 -1
-6 I:0 5432 1 5484 5416
-8 I:0 -1 0 5444 5432
6005 I:25229 5446 11 5448 5440
958 I:0 952 1 5452 5444
36 I:11185 5454 11 5456 5448
5163 I:0 5464 1 5468 5452
-15 I:0 5456 1 -1 -1
-14 I:0 -1 0 -1 -1
2002 S:FUAfter3 fin"5470 11 5472 5456
11169 I:5185 5474 11 5476 5468
5156 I:0 -1 0 -1 5472
0 I:0 -1 0 5488 -1
-6 I:0 5480 1 -1 5436
2002 S:Mk is expected"5490 11 5492 5480
6099 I:0 -1 0 -1 5488
42001 I:0 5504 13 5564 5408
-13 I:0 -1 0 5508 -1
-6 I:0 5500 1 5536 -1
-14 I:0 -1 0 5512 5500
-306 I:0 -1 0 5516 5508
6005 I:43229 5518 11 5520 5512
36 I:13290 5522 11 5524 5516
2002 S:Element was added in the vector !"5526 11 5528 5520
36 I:2002 5530 11 -1 5524
-4 C:]"5534 11 5540 -1
-6 I:0 5532 1 5552 5504
6005 I:15229 5542 11 5544 5532
13017 I:0 -1 0 -1 5540
0 I:0 -1 0 5556 -1
-6 I:0 5548 1 -1 5536
6099 I:0 -1 0 5560 5548
2002 S:Wrong vector description"5562 11 -1 5556
43001 I:0 5572 13 5640 5496
-4 C:,"5570 11 5576 -1
-6 I:0 5568 1 5588 -1
6005 I:44229 5578 11 5580 5568
2002 S:Index of the vector was increased"5582 11 -1 5576
-4 C:]"5586 11 5592 -1
-6 I:0 5584 1 5600 5572
6005 I:15229 5594 11 -1 5584
-13 I:0 -1 0 5604 -1
-6 I:0 5596 1 5628 5588
-14 I:0 -1 0 5608 5596
-306 I:0 -1 0 5612 5604
6005 I:43229 5614 11 5616 5608
36 I:13290 5618 11 5620 5612
2002 S:Element was added in the vector"5622 11 -1 5616
0 I:0 -1 0 5632 -1
-6 I:0 5624 1 -1 5600
6099 I:0 -1 0 5636 5624
2002 S:',' or ']' is expected"5638 11 -1 5632
44001 I:0 5648 13 5688 5564
-13 I:0 -1 0 5652 -1
-6 I:0 5644 1 5676 -1
-14 I:0 -1 0 5656 5644
-306 I:0 -1 0 5660 5652
6005 I:43229 5662 11 5664 5656
36 I:13290 5666 11 5668 5660
2002 S:Element was added in the vector"5670 11 -1 5664
0 I:0 -1 0 5680 -1
-6 I:0 5672 1 -1 5648
6099 I:0 -1 0 5684 5672
2002 S:Wrong vector description"5686 11 -1 5680
38001 I:0 5696 13 5740 5640
-4 C:("5694 11 5700 -1
-6 I:0 5692 1 5708 -1
6005 I:39229 5702 11 -1 5692
-4 C:{"5706 11 5712 -1
-6 I:0 5704 1 5720 5696
6005 I:15229 5714 11 -1 5704
-4 C:}"5718 11 5724 -1
-6 I:0 5716 1 5732 5708
6005 I:15229 5726 11 -1 5716
0 I:0 -1 0 5736 -1
-6 I:0 5728 1 -1 5720
6005 I:15229 5738 11 -1 5728
39001 I:0 5748 13 5784 5688
-8 I:0 -1 0 5752 -1
-6 I:0 5744 1 5760 -1
6005 I:40229 5754 11 -1 5744
-4 C:)"5758 11 5764 -1
-6 I:0 5756 1 5772 5748
6005 I:15229 5766 11 -1 5756
0 I:0 -1 0 5776 -1
-6 I:0 5768 1 -1 5760
6099 I:0 -1 0 5780 5768
2002 S:BackRec atribute or close bracket was expected"5782 11 -1 5776
40001 I:0 5792 13 5816 5740
-4 C:)"5790 11 5796 -1
-6 I:0 5788 1 5804 -1
6005 I:15229 5798 11 -1 5788
0 I:0 -1 0 5808 -1
-6 I:0 5800 1 -1 5792
6099 I:0 -1 0 5812 5800
2002 S:BackRec close bracket was expected"5814 11 -1 5808
34001 I:0 5824 13 5848 5784
-4 C:["5822 11 5828 -1
-6 I:0 5820 1 5836 -1
6005 I:35229 5830 11 -1 5820
0 I:0 -1 0 5840 -1
-6 I:0 5832 1 -1 5824
6099 I:0 -1 0 5844 5832
2002 S:BackRec load was expected"5846 11 -1 5840
35001 I:0 5856 13 5880 5816
-8 I:0 -1 0 5860 -1
-6 I:0 5852 1 5868 -1
6005 I:36229 5862 11 -1 5852
0 I:0 -1 0 5872 -1
-6 I:0 5864 1 -1 5856
6099 I:0 -1 0 5876 5864
2002 S:Atribute reference was expected"5878 11 -1 5872
36001 I:0 5888 13 5912 5848
-4 C:]"5886 11 5892 -1
-6 I:0 5884 1 5900 -1
6005 I:37229 5894 11 -1 5884
0 I:0 -1 0 5904 -1
-6 I:0 5896 1 -1 5888
6099 I:0 -1 0 5908 5896
2002 S:Atribute reference close bracket was expected"5910 11 -1 5904
37001 I:0 5920 13 5944 5880
-4 C:("5918 11 5924 -1
-6 I:0 5916 1 5932 -1
6005 I:15229 5926 11 -1 5916
0 I:0 -1 0 5936 -1
-6 I:0 5928 1 -1 5920
6099 I:0 -1 0 5940 5928
2002 S:Mk open bracket was expected"5942 11 -1 5936
45001 I:0 5952 13 6136 5912
-4 C:="5950 11 5956 -1
-6 I:0 5948 1 6116 -1
-4 C:+"5958 11 5960 5948
-4 C:-"5962 11 5964 5956
-4 C:*"5966 11 5968 5960
-4 C:/"5970 11 5972 5964
-4 S://"5974 11 5976 5968
-4 C:%"5978 11 5980 5972
-4 S:**"5982 11 5984 5976
-4 C:&"5986 11 5988 5980
-4 S:&&"5990 11 5992 5984
-4 C:|"5994 11 5996 5988
-4 S:||"5998 11 6000 5992
-4 C:^"6002 11 6004 5996
-4 S:^^"6006 11 6008 6000
2002 S:ALECheck Operatin"6010 11 6012 6004
6005 I:15229 6014 11 6016 6008
6002 I:62229 6018 11 6020 6012
15030 I:4161 6022 11 6024 6016
4222 I:0 6032 1 6036 6020
-15 I:0 6024 1 -1 -1
-24 I:0 -1 0 -1 -1
4024 I:0 6044 1 6056 6024
-15 I:0 6036 1 -1 -1
6099 I:0 -1 0 6048 -1
45988 I:0 -1 0 6052 6044
2002 S:Mk is required"6054 11 -1 6048
4157 I:0 -1 0 6060 6036
11189 I:13990 6062 11 6064 6056
11163 I:0 6072 1 6076 6060
-15 I:0 6064 1 -1 -1
11 I:0 -1 0 -1 -1
15036 I:11185 6078 11 6080 6064
11170 I:0 6088 1 6092 6076
-15 I:0 6080 1 -1 -1
26 I:0 -1 0 -1 -1
49229 I:0 6100 1 6104 6080
-15 I:0 6092 1 -1 -1
-4 C:="6102 11 -1 -1
17030 I:6070 6106 11 6108 6092
30 I:6070 6110 11 -1 6104
0 I:0 -1 0 6120 -1
-6 I:0 6112 1 -1 5952
2002 S:ALECheck else"6122 11 6124 6112
6005 I:15229 6126 11 6128 6120
17036 I:11185 6130 11 6132 6124
30 I:6070 6134 11 -1 6128
46001 I:0 6144 13 6244 5944
-4 C:="6142 11 6148 -1
-6 I:0 6140 1 6220 -1
-4 C:+"6150 11 6152 6140
-4 C:-"6154 11 6156 6148
-4 C:*"6158 11 6160 6152
-4 C:/"6162 11 6164 6156
-4 S://"6166 11 6168 6160
-4 C:%"6170 11 6172 6164
-4 S:**"6174 11 6176 6168
-4 C:&"6178 11 6180 6172
-4 S:&&"6182 11 6184 6176
-4 C:|"6186 11 6188 6180
-4 S:||"6190 11 6192 6184
-4 C:^"6194 11 6196 6188
-4 S:^^"6198 11 6200 6192
6005 I:47229 6202 11 6204 6196
6002 I:31229 6206 11 6208 6200
17036 I:6070 6210 11 6212 6204
30 I:6070 6214 11 -1 6208
0 I:0 -1 0 6224 -1
-6 I:0 6216 1 -1 6144
2002 S:ALECheck else"6226 11 6228 6216
6005 I:15229 6230 11 6232 6224
17030 I:2002 6234 11 6236 6228
17036 I:11185 6238 11 6240 6232
30 I:6070 6242 11 -1 6236
49007 I:0 6246 11 6248 6136
49001 I:0 6256 13 6460 6244
26 I:0 -1 0 -1 -1
-6 I:0 6252 1 6264 -1
-4 C:*"6262 11 6268 -1
-6 I:0 6260 1 6300 6256
-4 C:/"6270 11 6272 6260
-4 S://"6274 11 6276 6268
-4 C:%"6278 11 6280 6272
33 I:0 -1 0 6284 6276
32 I:0 -1 0 6288 6280
56 I:0 -1 0 6292 6284
69 I:0 -1 0 -1 6288
-4 C:+"6298 11 6304 -1
-6 I:0 6296 1 6320 6264
-4 C:-"6306 11 6308 6296
30 I:0 -1 0 6312 6304
31 I:0 -1 0 -1 6308
-4 S:<<"6318 11 6324 -1
-6 I:0 6316 1 6340 6300
-4 S:>>"6326 11 6328 6316
61 I:0 -1 0 6332 6324
62 I:0 -1 0 -1 6328
-4 S:=="6338 11 6344 -1
-6 I:0 6336 1 6396 6320
-4 S:<>"6346 11 6348 6336
-4 S:<=>"6350 11 6352 6344
-4 C:<"6354 11 6356 6348
-4 S:<="6358 11 6360 6352
-4 C:>"6362 11 6364 6356
-4 S:>="6366 11 6368 6360
67 I:0 -1 0 6372 6364
68 I:0 -1 0 6376 6368
65 I:0 -1 0 6380 6372
66 I:0 -1 0 6384 6376
63 I:0 -1 0 6388 6380
64 I:0 -1 0 -1 6384
-4 C:&"6394 11 6400 -1
-6 I:0 6392 1 6408 6340
60 I:0 -1 0 -1 6392
-4 C:^"6406 11 6412 -1
-6 I:0 6404 1 6420 6396
70 I:0 -1 0 -1 6404
-4 C:|"6418 11 6424 -1
-6 I:0 6416 1 6432 6408
55 I:0 -1 0 -1 6416
-4 S:&&"6430 11 6436 -1
-6 I:0 6428 1 6444 6420
60 I:0 -1 0 -1 6428
-4 S:||"6442 11 6448 -1
-6 I:0 6440 1 6456 6432
59 I:0 -1 0 -1 6440
-4 C:="6454 11 -1 -1
-6 I:0 6452 1 -1 6444
48001 I:0 6468 13 6548 6248
-14 I:0 -1 0 6472 -1
-6 I:0 6464 1 6500 -1
6005 I:51229 6474 11 6476 6464
11170 I:0 6484 1 6488 6472
-15 I:0 6476 1 -1 -1
12 I:0 -1 0 -1 -1
36 I:11185 6490 11 6492 6476
2002 S:ALE Var"6494 11 -1 6488
-24 I:0 -1 0 6504 -1
-6 I:0 6496 1 6528 6468
6005 I:56229 6506 11 6508 6496
11170 I:0 6516 1 6520 6504
-15 I:0 6508 1 -1 -1
11 I:0 -1 0 -1 -1
36 I:11185 6522 11 -1 6508
-306 I:0 -1 0 6532 -1
-6 I:0 6524 1 6540 6500
6005 I:52229 6534 11 -1 6524
0 I:0 -1 0 6544 -1
-6 I:0 6536 1 -1 6528
6005 I:15229 6546 11 -1 6536
66001 I:0 6556 13 6732 6460
-4 S:+="6554 11 6560 -1
-6 I:0 6552 1 6568 -1
11210 I:30 6562 11 -1 6552
-4 S:-="6566 11 6572 -1
-6 I:0 6564 1 6580 6556
11210 I:31 6574 11 -1 6564
-4 S:*="6578 11 6584 -1
-6 I:0 6576 1 6592 6568
11210 I:33 6586 11 -1 6576
-4 S:/="6590 11 6596 -1
-6 I:0 6588 1 6604 6580
11210 I:32 6598 11 -1 6588
-4 S://="6602 11 6608 -1
-6 I:0 6600 1 6616 6592
11210 I:56 6610 11 -1 6600
-4 S:%="6614 11 6620 -1
-6 I:0 6612 1 6628 6604
11210 I:69 6622 11 -1 6612
-4 S:**="6626 11 6632 -1
-6 I:0 6624 1 6640 6616
11210 I:46 6634 11 -1 6624
-4 S:->="6638 11 6644 -1
-6 I:0 6636 1 6652 6628
11210 I:62 6646 11 -1 6636
-4 S:<-="6650 11 6656 -1
-6 I:0 6648 1 6664 6640
11210 I:61 6658 11 -1 6648
-4 S:&="6662 11 6668 -1
-6 I:0 6660 1 6676 6652
11210 I:54 6670 11 -1 6660
-4 S:&&="6674 11 6680 -1
-6 I:0 6672 1 6688 6664
11210 I:60 6682 11 -1 6672
-4 S:|="6686 11 6692 -1
-6 I:0 6684 1 6700 6676
11210 I:55 6694 11 -1 6684
-4 S:||="6698 11 6704 -1
-6 I:0 6696 1 6712 6688
11210 I:59 6706 11 -1 6696
-4 S:^="6710 11 6716 -1
-6 I:0 6708 1 6724 6700
11210 I:57 6718 11 -1 6708
-4 S:^^="6722 11 6728 -1
-6 I:0 6720 1 -1 6712
11210 I:70 6730 11 -1 6720
51001 I:0 6740 13 6916 6548
-4 C:,"6738 11 6744 -1
-6 I:0 6736 1 6752 -1
6005 I:58229 6746 11 -1 6736
-4 C:="6750 11 6756 -1
-6 I:0 6748 1 6768 6740
6005 I:61229 6758 11 6760 6748
2002 S:ALEAfter ="6762 11 -1 6756
-4 S:++"6766 11 6772 -1
-6 I:0 6764 1 6804 6752
2002 S:++"6774 11 6776 6764
4170 I:0 6784 1 6788 6772
-15 I:0 6776 1 -1 -1
30 I:1 6786 11 -1 -1
4155 I:927 6790 11 6792 6776
6001 I:0 -1 0 6796 6788
6005 I:50229 6798 11 -1 6792
-4 S:--"6802 11 6808 -1
-6 I:0 6800 1 6840 6768
2002 S:--"6810 11 6812 6800
4170 I:0 6820 1 6824 6808
-15 I:0 6812 1 -1 -1
31 I:1 6822 11 -1 -1
4155 I:927 6826 11 6828 6812
6001 I:0 -1 0 6832 6824
6005 I:50229 6834 11 -1 6828
-4 S:+="6838 11 6844 -1
-6 I:0 6836 1 6900 6804
-4 S:-="6846 11 6848 6836
-4 S:*="6850 11 6852 6844
-4 S:/="6854 11 6856 6848
-4 S://="6858 11 6860 6852
-4 S:%="6862 11 6864 6856
6005 I:62229 6866 11 6868 6860
11210 I:26 6870 11 6872 6864
48036 I:11185 6874 11 6876 6868
30 I:66229 6878 11 6880 6872
11163 I:0 -1 0 6884 6876
4161 I:0 6892 1 -1 6880
-15 I:0 6884 1 -1 -1
-310 I:0 -1 0 -1 -1
0 I:0 -1 0 6904 -1
-6 I:0 6896 1 -1 6840
2002 S:VarAfter else"6906 11 6908 6896
6099 I:0 -1 0 6912 6904
2002 S:Assignment/Accum assignment/Increment/Decrement were expected"6914 11 -1 6908
52001 I:0 6924 13 7020 6732
-4 C:["6922 11 6928 -1
-6 I:0 6920 1 6936 -1
6005 I:62229 6930 11 -1 6920
-4 S:++"6934 11 6940 -1
-6 I:0 6932 1 6972 6924
2002 S:++"6942 11 6944 6932
4170 I:0 6952 1 6956 6940
-15 I:0 6944 1 -1 -1
30 I:1 6954 11 -1 -1
4155 I:927 6958 11 6960 6944
6001 I:0 -1 0 6964 6956
6005 I:50229 6966 11 -1 6960
-4 S:--"6970 11 6976 -1
-6 I:0 6968 1 7008 6936
2002 S:--"6978 11 6980 6968
4170 I:0 6988 1 6992 6976
-15 I:0 6980 1 -1 -1
31 I:1 6990 11 -1 -1
4155 I:927 6994 11 6996 6980
6001 I:0 -1 0 7000 6992
6005 I:50229 7002 11 -1 6996
0 I:0 -1 0 7012 -1
-6 I:0 7004 1 -1 6972
6099 I:0 -1 0 7016 7004
2002 S:Vector open bracket was expected"7018 11 -1 7012
54001 I:0 7028 13 7120 6916
-4 C:["7026 11 7032 -1
-6 I:0 7024 1 7096 -1
-4 C:="7034 11 7036 7024
-4 C:+"7038 11 7040 7032
-4 C:-"7042 11 7044 7036
-4 C:*"7046 11 7048 7040
-4 C:/"7050 11 7052 7044
-4 S://"7054 11 7056 7048
-4 C:%"7058 11 7060 7052
-4 S:**"7062 11 7064 7056
-4 C:&"7066 11 7068 7060
-4 S:&&"7070 11 7072 7064
-4 C:|"7074 11 7076 7068
-4 S:||"7078 11 7080 7072
-4 C:^"7082 11 7084 7076
-4 S:^^"7086 11 7088 7080
6005 I:62229 7090 11 -1 7084
-4 C:["7094 11 7100 -1
-6 I:0 7092 1 7108 7028
6005 I:62229 7102 11 -1 7092
0 I:0 -1 0 7112 -1
-6 I:0 7104 1 -1 7096
6099 I:0 -1 0 7116 7104
2002 S:Vector open bracket or operator were expected"7118 11 -1 7112
53001 I:0 7128 13 7228 7020
-4 C:["7126 11 7132 -1
-6 I:0 7124 1 7140 -1
6005 I:54229 7134 11 -1 7124
-4 C:+"7138 11 7144 -1
-6 I:0 7136 1 7216 7128
-4 C:-"7146 11 7148 7136
-4 C:*"7150 11 7152 7144
-4 C:/"7154 11 7156 7148
-4 S://"7158 11 7160 7152
-4 C:%"7162 11 7164 7156
-4 S:**"7166 11 7168 7160
-4 S:->"7170 11 7172 7164
-4 S:->"7174 11 7176 7168
-4 C:&"7178 11 7180 7172
-4 S:&&"7182 11 7184 7176
-4 C:|"7186 11 7188 7180
-4 S:||"7190 11 7192 7184
-4 C:^"7194 11 7196 7188
-4 S:^^"7198 11 7200 7192
6005 I:64229 7202 11 7204 7196
30 I:6070 7206 11 7208 7200
2002 S:ALE Vect Operatipon"7210 11 -1 7204
0 I:0 -1 0 7220 -1
-6 I:0 7212 1 -1 7140
6099 I:0 -1 0 7224 7212
2002 S:Wrong vector descreabing"7226 11 -1 7220
54001 I:0 7236 13 7300 7120
-14 I:0 -1 0 7240 -1
-6 I:0 7232 1 7252 -1
-13 I:0 -1 0 7244 7232
6005 I:55229 7246 11 -1 7240
0 I:0 -1 0 7256 -1
-6 I:0 7248 1 -1 7236
6005 I:62229 7258 11 7260 7248
49229 I:0 7268 1 7272 7256
-15 I:0 7260 1 -1 -1
-4 C:="7270 11 -1 -1
4161 I:0 7280 1 7284 7260
-15 I:0 7272 1 -1 -1
-4 C:["7282 11 -1 -1
11163 I:0 7292 1 7296 7272
-15 I:0 7284 1 -1 -1
26 I:0 -1 0 -1 -1
30 I:6070 7298 11 -1 7284
55001 I:0 7308 13 7384 7228
-4 C:]"7306 11 7312 -1
-6 I:0 7304 1 7336 -1
6005 I:64229 7314 11 7316 7304
54036 I:11184 7318 11 7320 7312
2002 S:LastIndSet"7322 11 7324 7316
26 I:0 7326 11 7328 7320
11003 I:2002 7330 11 -1 7324
0 I:0 -1 0 7340 -1
-6 I:0 7332 1 -1 7308
49229 I:0 7348 1 7352 7332
-15 I:0 7340 1 -1 -1
-4 C:="7350 11 -1 -1
4161 I:0 7360 1 7364 7340
-15 I:0 7352 1 -1 -1
-4 C:["7362 11 -1 -1
11163 I:0 7372 1 7376 7352
-15 I:0 7364 1 -1 -1
26 I:0 -1 0 -1 -1
54030 I:6070 7378 11 7380 7364
30 I:6070 7382 11 -1 7376
62001 I:0 7392 13 7844 7300
-306 I:0 -1 0 7396 -1
-6 I:0 7388 1 7412 -1
6005 I:53229 7398 11 7400 7388
36 I:11185 7402 11 7404 7396
2002 S:EqAleAfter Vect"7406 11 -1 7400
-14 I:0 -1 0 7416 -1
-6 I:0 7408 1 7440 7392
-13 I:0 -1 0 7420 7408
6005 I:64229 7422 11 7424 7416
36 I:11185 7426 11 7428 7420
2002 S:EqAleAfter Var Const"7430 11 7432 7424
11003 I:2002 7434 11 -1 7428
-2 S:tern"7438 11 7444 -1
-6 I:0 7436 1 7476 7412
6005 I:62229 7446 11 7448 7436
4161 I:0 7456 1 7460 7444
-15 I:0 7448 1 -1 -1
-309 S:tern"7458 11 -1 -1
11163 I:0 7468 1 -1 7448
-15 I:0 7460 1 -1 -1
26 I:0 -1 0 -1 -1
-4 C:-"7474 11 7480 -1
-6 I:0 7472 1 7612 7440
6005 I:62229 7482 11 7484 7472
4160 I:0 7492 1 7536 7480
-15 I:0 7484 1 -1 -1
-4 C:="7494 11 7496 -1
-4 C:("7498 11 7500 7492
-4 S:=="7502 11 7504 7496
-4 S:!="7506 11 7508 7500
-4 C:<"7510 11 7512 7504
-4 C:>"7514 11 7516 7508
-4 S:<="7518 11 7520 7512
-4 S:>="7522 11 7524 7516
-4 C:|"7526 11 7528 7520
-4 C:&"7530 11 7532 7524
-4 C:^"7534 11 -1 7528
2002 S:EqAleAfter -"7538 11 7540 7484
6045 I:4229 7542 11 7544 7536
4024 I:0 7552 1 7568 7540
-15 I:0 7544 1 -1 -1
6099 I:0 -1 0 7556 -1
62988 I:0 -1 0 7560 7552
2002 S:Operand is expected"7562 11 7564 7556
4156 I:0 -1 0 -1 7560
4156 I:0 -1 0 7572 7544
11163 I:0 7580 1 7584 7568
-15 I:0 7572 1 -1 -1
26 I:0 7582 11 -1 -1
11170 I:0 7592 1 7596 7572
-15 I:0 7584 1 -1 -1
31 I:0 -1 0 -1 -1
4161 I:0 7604 1 -1 7584
-15 I:0 7596 1 -1 -1
-310 I:0 -1 0 -1 -1
-4 C:("7610 11 7616 -1
-6 I:0 7608 1 7648 7476
6005 I:62229 7618 11 7620 7608
4161 I:0 7628 1 7632 7616
-15 I:0 7620 1 -1 -1
-309 C:("7630 11 -1 -1
11163 I:0 7640 1 -1 7620
-15 I:0 7632 1 -1 -1
26 I:0 -1 0 -1 -1
-4 C:["7646 11 7652 -1
-6 I:0 7644 1 7700 7612
6005 I:62229 7654 11 7656 7644
4161 I:0 7664 1 7668 7652
-15 I:0 7656 1 -1 -1
-4 C:["7666 11 -1 -1
11163 I:0 7676 1 7684 7656
-15 I:0 7668 1 -1 -1
280 I:0 -1 0 7680 -1
290 I:0 -1 0 -1 7676
11163 I:0 7692 1 -1 7668
-15 I:0 7684 1 -1 -1
26 I:0 -1 0 -1 -1
-78 I:0 -1 0 7704 -1
-6 I:0 7696 1 7728 7648
6005 I:60229 7706 11 7708 7696
4161 I:0 7716 1 7720 7704
-15 I:0 7708 1 -1 -1
-78 I:0 -1 0 -1 -1
2002 S:Func"7722 11 -1 7708
-313 I:0 -1 0 7732 -1
-6 I:0 7724 1 7788 7700
6005 I:60229 7734 11 7736 7724
4161 I:0 7744 1 7748 7732
-15 I:0 7736 1 -1 -1
-313 I:0 -1 0 -1 -1
11163 I:0 -1 0 7752 7736
62036 I:11210 7754 11 7756 7748
11163 I:0 7764 1 7768 7752
-15 I:0 7756 1 -1 -1
280 I:0 -1 0 -1 -1
11163 I:0 7776 1 7780 7756
-15 I:0 7768 1 -1 -1
26 I:0 -1 0 -1 -1
2002 S:FuncALE Set"7782 11 -1 7768
-314 I:0 -1 0 7792 -1
-6 I:0 7784 1 7812 7728
6005 I:67229 7794 11 7796 7784
11163 I:0 -1 0 7800 7792
62036 I:11210 7802 11 7804 7796
2002 S:EqAleAfter ALEFunc1Arg"7806 11 -1 7800
-312 I:0 -1 0 7816 -1
-6 I:0 7808 1 7828 7788
6005 I:70229 7818 11 7820 7808
2002 S:Func1Arg"7822 11 -1 7816
0 I:0 -1 0 7832 -1
-6 I:0 7824 1 -1 7812
6099 I:0 -1 0 7836 7824
2002 S:Var/Const/Vector Open ariphmetic bracket were expected"7838 11 7840 7832
30 I:2002 7842 11 -1 7836
68001 I:0 7852 13 7860 7384
-4 C:("7850 11 7856 -1
-6 I:0 7848 1 -1 -1
6005 I:62229 7858 11 -1 7848
67001 I:0 7868 13 8012 7844
-4 C:("7866 11 7872 -1
-6 I:0 7864 1 7904 -1
6005 I:62229 7874 11 7876 7864
11163 I:0 7884 1 7888 7872
-15 I:0 7876 1 -1 -1
26 I:0 -1 0 -1 -1
4161 I:0 7896 1 -1 7876
-15 I:0 7888 1 -1 -1
-314 I:0 -1 0 -1 -1
-4 C:["7902 11 7908 -1
-6 I:0 7900 1 7968 7868
6005 I:62229 7910 11 7912 7900
4161 I:0 7920 1 7924 7908
-15 I:0 7912 1 -1 -1
-314 I:0 -1 0 -1 -1
4161 I:0 7932 1 7936 7912
-15 I:0 7924 1 -1 -1
-4 C:["7934 11 -1 -1
11163 I:0 7944 1 7952 7924
-15 I:0 7936 1 -1 -1
280 I:0 -1 0 7948 -1
290 I:0 -1 0 -1 7944
11163 I:0 7960 1 -1 7936
-15 I:0 7952 1 -1 -1
26 I:0 -1 0 -1 -1
-14 I:0 -1 0 7972 -1
-6 I:0 7964 1 8000 7904
-13 I:0 -1 0 7976 7964
-306 I:0 -1 0 7980 7972
6005 I:64229 7982 11 7984 7976
2002 S:Func1ArgAfter Var Const Vect"7986 11 7988 7980
36 I:11185 7990 11 7992 7984
11156 I:0 -1 0 -1 7988
0 I:0 -1 0 8004 -1
-6 I:0 7996 1 -1 7968
6099 I:0 -1 0 8008 7996
2002 S:Wrong function description"8010 11 -1 8004
60001 I:0 8020 13 8044 7860
-4 C:("8018 11 8024 -1
-6 I:0 8016 1 8032 -1
6005 I:62229 8026 11 -1 8016
0 I:0 -1 0 8036 -1
-6 I:0 8028 1 -1 8020
6099 I:0 -1 0 8040 8028
2002 S:Var/Const/Vector/Open ariphmetic bracket were expected"8042 11 -1 8036
49001 I:0 8052 13 8252 8012
-4 S:=="8050 11 8056 -1
-6 I:0 8048 1 8104 -1
-4 S:!="8058 11 8060 8048
-4 C:<"8062 11 8064 8056
-4 S:<="8066 11 8068 8060
-4 C:>"8070 11 8072 8064
-4 S:>="8074 11 8076 8068
63 I:0 -1 0 8080 8072
64 I:0 -1 0 8084 8076
67 I:0 -1 0 8088 8080
68 I:0 -1 0 8092 8084
65 I:0 -1 0 8096 8088
66 I:0 -1 0 -1 8092
-4 C:|"8102 11 8108 -1
-6 I:0 8100 1 8132 8052
-4 C:^"8110 11 8112 8100
-4 C:&"8114 11 8116 8108
55 I:0 -1 0 8120 8112
57 I:0 -1 0 8124 8116
54 I:0 -1 0 -1 8120
-4 C:+"8130 11 8136 -1
-6 I:0 8128 1 8152 8104
-4 C:-"8138 11 8140 8128
30 I:0 -1 0 8144 8136
31 I:0 -1 0 -1 8140
-4 C:*"8150 11 8156 -1
-6 I:0 8148 1 8180 8132
-4 C:/"8158 11 8160 8148
-4 S://"8162 11 8164 8156
33 I:0 -1 0 8168 8160
32 I:0 -1 0 8172 8164
56 I:0 -1 0 -1 8168
-4 C:%"8178 11 8184 -1
-6 I:0 8176 1 8200 8152
-4 S:**"8186 11 8188 8176
69 I:0 -1 0 8192 8184
46 I:0 -1 0 -1 8188
-4 S:<-"8198 11 8204 -1
-6 I:0 8196 1 8220 8180
-4 S:->"8206 11 8208 8196
62 I:0 -1 0 8212 8204
61 I:0 -1 0 -1 8208
-4 S:||"8218 11 8224 -1
-6 I:0 8216 1 8248 8200
-4 S:^^"8226 11 8228 8216
-4 S:&&"8230 11 8232 8224
59 I:0 -1 0 8236 8228
70 I:0 -1 0 8240 8232
60 I:0 -1 0 -1 8236
-4 C:="8246 11 -1 -1
-6 I:0 8244 1 -1 8220
65001 I:0 8260 13 8436 8044
-4 C:+"8258 11 8264 -1
-6 I:0 8256 1 8272 -1
11210 I:30 8266 11 -1 8256
-4 C:-"8270 11 8276 -1
-6 I:0 8268 1 8284 8260
11210 I:31 8278 11 -1 8268
-4 C:*"8282 11 8288 -1
-6 I:0 8280 1 8296 8272
11210 I:33 8290 11 -1 8280
-4 C:/"8294 11 8300 -1
-6 I:0 8292 1 8308 8284
11210 I:32 8302 11 -1 8292
-4 S://"8306 11 8312 -1
-6 I:0 8304 1 8320 8296
11210 I:56 8314 11 -1 8304
-4 C:%"8318 11 8324 -1
-6 I:0 8316 1 8332 8308
11210 I:69 8326 11 -1 8316
-4 S:**"8330 11 8336 -1
-6 I:0 8328 1 8344 8320
11210 I:46 8338 11 -1 8328
-4 S:<-"8342 11 8348 -1
-6 I:0 8340 1 8356 8332
11210 I:62 8350 11 -1 8340
-4 S:->"8354 11 8360 -1
-6 I:0 8352 1 8368 8344
11210 I:61 8362 11 -1 8352
-4 C:&"8366 11 8372 -1
-6 I:0 8364 1 8380 8356
11210 I:54 8374 11 -1 8364
-4 S:&&"8378 11 8384 -1
-6 I:0 8376 1 8392 8368
11210 I:60 8386 11 -1 8376
-4 C:|"8390 11 8396 -1
-6 I:0 8388 1 8404 8380
11210 I:55 8398 11 -1 8388
-4 S:||"8402 11 8408 -1
-6 I:0 8400 1 8416 8392
11210 I:59 8410 11 -1 8400
-4 C:^"8414 11 8420 -1
-6 I:0 8412 1 8428 8404
11210 I:57 8422 11 -1 8412
-4 S:^^"8426 11 8432 -1
-6 I:0 8424 1 -1 8416
11210 I:70 8434 11 -1 8424
64001 I:0 8444 13 9324 8252
-4 C:)"8442 11 8448 -1
-6 I:0 8440 1 8668 -1
6005 I:64229 8450 11 8452 8440
4222 I:0 8460 1 8464 8448
-15 I:0 8452 1 -1 -1
-310 I:0 -1 0 -1 -1
4023 I:0 8468 1 8492 8452
157 I:0 -1 0 8472 -1
11156 I:0 -1 0 8476 8468
222 I:0 8484 1 8488 8472
-15 I:0 8476 1 -1 -1
-310 I:0 -1 0 -1 -1
23 I:0 8468 1 -1 8476
4222 I:0 8500 1 8504 8464
-15 I:0 8492 1 -1 -1
-314 I:0 -1 0 -1 -1
4023 I:0 8512 1 8544 8492
-15 I:0 8504 1 -1 -1
2002 S:OperatWait FuncALE1Arg )"8514 11 8516 -1
4157 I:0 -1 0 8520 8512
11156 I:0 -1 0 8524 8516
11156 I:0 -1 0 8528 8520
49229 I:0 8536 1 8540 8524
-15 I:0 8528 1 -1 -1
-4 C:="8538 11 -1 -1
64988 I:0 -1 0 -1 8528
4222 I:0 8552 1 8556 8504
-15 I:0 8544 1 -1 -1
-313 I:0 -1 0 -1 -1
4023 I:0 8564 1 8604 8544
-15 I:0 8556 1 -1 -1
2002 S:OperatWait FuncALE )"8566 11 8568 -1
4157 I:0 -1 0 8572 8564
11156 I:0 -1 0 8576 8568
11156 I:0 -1 0 8580 8572
11156 I:0 -1 0 8584 8576
49229 I:0 8592 1 8596 8580
-15 I:0 8584 1 -1 -1
-4 C:="8594 11 -1 -1
11003 I:2002 8598 11 8600 8584
64988 I:0 -1 0 -1 8596
30 I:2002 8606 11 8608 8556
11153 I:49229 8610 11 8612 8604
4222 I:0 8620 1 8624 8608
-15 I:0 8612 1 -1 -1
-309 C:("8622 11 -1 -1
4024 I:0 8632 1 8640 8612
-15 I:0 8624 1 -1 -1
6099 I:0 -1 0 8636 -1
2002 S:'(' is missing"8638 11 -1 8632
4157 I:0 -1 0 8644 8624
11156 I:0 -1 0 8648 8640
11153 I:49229 8650 11 8652 8644
2002 S:ALE )"8654 11 8656 8648
11003 I:2002 8658 11 8660 8652
30 I:2002 8662 11 -1 8656
-4 C:]"8666 11 8672 -1
-6 I:0 8664 1 8704 8444
6005 I:64229 8674 11 8676 8664
4222 I:0 8684 1 8688 8672
-15 I:0 8676 1 -1 -1
-310 I:0 -1 0 -1 -1
4023 I:0 8468 1 8692 8676
4157 I:0 -1 0 8696 8688
11156 I:0 -1 0 -1 8692
-4 C:{"8702 11 8708 -1
-6 I:0 8700 1 8800 8668
6005 I:62229 8710 11 8712 8700
4222 I:0 8720 1 8724 8708
-15 I:0 8712 1 -1 -1
-310 I:0 -1 0 -1 -1
4023 I:0 8468 1 8728 8712
4222 I:0 8736 1 8740 8724
-15 I:0 8728 1 -1 -1
-309 S:tern"8738 11 -1 -1
4024 I:0 8748 1 8756 8728
-15 I:0 8740 1 -1 -1
990 I:0 9220 1 8752 -1
64988 I:0 -1 0 -1 8748
11170 I:0 8764 1 8768 8740
-15 I:0 8756 1 -1 -1
73 I:0 -1 0 -1 -1
11163 I:0 8776 1 8780 8756
-15 I:0 8768 1 -1 -1
26 I:0 -1 0 -1 -1
4156 I:0 -1 0 8784 8768
4161 I:0 8792 1 -1 8780
-15 I:0 8784 1 -1 -1
-309 C:{"8794 11 -1 -1
-2 S:else"8798 11 8804 -1
-6 I:0 8796 1 8904 8704
6005 I:62229 8806 11 8808 8796
4222 I:0 8816 1 8820 8804
-15 I:0 8808 1 -1 -1
-310 I:0 -1 0 -1 -1
4023 I:0 8468 1 8824 8808
4222 I:0 8832 1 8836 8820
-15 I:0 8824 1 -1 -1
-309 C:{"8834 11 -1 -1
4024 I:0 8844 1 8856 8824
-15 I:0 8836 1 -1 -1
6099 I:0 -1 0 8848 -1
2002 S:Ternar construction wrong description"8850 11 8852 8844
988 I:0 -1 0 -1 8848
11156 I:0 -1 0 8860 8836
11170 I:0 8868 1 8872 8856
-15 I:0 8860 1 -1 -1
74 I:0 -1 0 -1 -1
11163 I:0 8880 1 8884 8860
-15 I:0 8872 1 -1 -1
26 I:0 -1 0 -1 -1
4157 I:0 -1 0 8888 8872
4161 I:0 8896 1 -1 8884
-15 I:0 8888 1 -1 -1
-309 S:else"8898 11 -1 -1
-4 C:}"8902 11 8908 -1
-6 I:0 8900 1 8976 8800
6005 I:64229 8910 11 8912 8900
4222 I:0 8920 1 8924 8908
-15 I:0 8912 1 -1 -1
-310 I:0 -1 0 -1 -1
4023 I:0 8468 1 8928 8912
4220 I:0 8936 1 8940 8924
-15 I:0 8928 1 -1 -1
-309 S:else"8938 11 -1 -1
4024 I:0 8948 1 8960 8928
-15 I:0 8940 1 -1 -1
6099 I:0 -1 0 8952 -1
2002 S:Ternar construction wrong description"8954 11 8956 8948
988 I:0 -1 0 -1 8952
4157 I:0 -1 0 8964 8940
11156 I:0 -1 0 8968 8960
11156 I:0 -1 0 -1 8964
-4 C:,"8974 11 8980 -1
-6 I:0 8972 1 9060 8904
6005 I:62229 8982 11 8984 8972
2002 S:OperatWait ,"8986 11 8988 8980
4222 I:0 8996 1 9000 8984
-15 I:0 8988 1 -1 -1
-310 I:0 -1 0 -1 -1
4023 I:0 8468 1 9004 8988
4222 I:0 9012 1 9016 9000
-15 I:0 9004 1 -1 -1
-313 I:0 -1 0 -1 -1
4023 I:0 9024 1 -1 9004
-15 I:0 9016 1 -1 -1
11156 I:0 -1 0 9028 -1
11170 I:0 9036 1 9040 9024
-15 I:0 9028 1 -1 -1
290 I:0 -1 0 -1 -1
11163 I:0 9048 1 9052 9028
-15 I:0 9040 1 -1 -1
26 I:0 -1 0 -1 -1
2002 S:FuncALE ,"9054 11 -1 9040
-4 C:+"9058 11 9064 -1
-6 I:0 9056 1 9316 8976
-4 C:-"9066 11 9068 9056
-4 C:*"9070 11 9072 9064
-4 C:/"9074 11 9076 9068
-4 S://"9078 11 9080 9072
-4 C:%"9082 11 9084 9076
-4 S:**"9086 11 9088 9080
-4 S:->"9090 11 9092 9084
-4 S:->"9094 11 9096 9088
-4 C:&"9098 11 9100 9092
-4 S:&&"9102 11 9104 9096
-4 C:|"9106 11 9108 9100
-4 S:||"9110 11 9112 9104
-4 C:^"9114 11 9116 9108
-4 S:^^"9118 11 9120 9112
2002 S:ALE Operatipon"9122 11 9124 9116
6005 I:62229 9126 11 9128 9120
30 I:49229 9130 11 9132 9124
49451 I:0 9140 1 9172 9128
-15 I:0 9132 1 -1 -1
11158 I:0 9155 7 9144 -1
11163 I:0 9152 1 9156 9140
-15 I:0 9144 1 -1 -1
26 I:0 -1 0 -1 -1
4161 I:0 9164 1 9168 9144
-15 I:0 9156 1 -1 -1
-310 I:0 -1 0 -1 -1
2002 S:AleStackUp"9170 11 -1 9156
49452 I:0 9176 1 9216 9132
4222 I:0 9184 1 9188 -1
-15 I:0 9176 1 -1 -1
-310 I:0 -1 0 -1 -1
4023 I:0 9196 1 -1 9176
-15 I:0 9188 1 -1 -1
4157 I:0 -1 0 9200 -1
11156 I:0 -1 0 9204 9196
11153 I:49229 9206 11 9208 9200
64030 I:49229 9210 11 9212 9204
49452 I:0 9176 1 -1 9208
30 I:65229 9218 11 -1 9172
6004 I:0 -1 0 9224 -1
4222 I:0 9232 1 9236 9220
-15 I:0 9224 1 -1 -1
-310 I:0 -1 0 -1 -1
4023 I:0 9240 1 9264 9224
4157 I:0 -1 0 9244 -1
11156 I:0 -1 0 9248 9240
4222 I:0 9256 1 9260 9244
-15 I:0 9248 1 -1 -1
-310 I:0 -1 0 -1 -1
4023 I:0 9240 1 -1 9248
4220 I:0 9272 1 9280 9236
-15 I:0 9264 1 -1 -1
-316 I:0 -1 0 9276 -1
-318 I:0 -1 0 -1 9272
4024 I:0 9288 1 9292 9264
-15 I:0 9280 1 -1 -1
11156 I:0 -1 0 -1 -1
4003 I:2002 9294 11 9296 9280
2002 S:OperatWait else"9298 11 9300 9292
11003 I:2002 9302 11 9304 9296
64030 I:2002 9306 11 9308 9300
64030 I:6070 9310 11 -1 9304
0 I:0 -1 0 9320 -1
-6 I:0 9312 1 -1 9060
990 I:0 9220 1 -1 9312
61001 I:0 9332 13 9400 8436
-24 I:0 -1 0 9336 -1
-6 I:0 9328 1 9344 -1
6005 I:59229 9338 11 -1 9328
-14 I:0 -1 0 9348 -1
-6 I:0 9340 1 9356 9332
6005 I:59229 9350 11 -1 9340
0 I:0 -1 0 9360 -1
-6 I:0 9352 1 -1 9344
6005 I:62229 9362 11 9364 9352
11170 I:0 9372 1 9376 9360
-15 I:0 9364 1 -1 -1
26 I:0 -1 0 -1 -1
49229 I:0 9384 1 9388 9364
-15 I:0 9376 1 -1 -1
-4 C:="9386 11 -1 -1
2002 S:EqAfter else"9390 11 9392 9376
30 I:2002 9394 11 9396 9388
30 I:62229 9398 11 -1 9392
56001 I:0 9408 13 9444 9324
-4 C:,"9406 11 9412 -1
-6 I:0 9404 1 9420 -1
6005 I:57229 9414 11 -1 9404
-4 C:="9418 11 9424 -1
-6 I:0 9416 1 9432 9408
6005 I:62229 9426 11 -1 9416
0 I:0 -1 0 9436 -1
-6 I:0 9428 1 -1 9420
6099 I:0 -1 0 9440 9428
2002 S:Assignment or comma were expected"9442 11 -1 9436
57001 I:0 9452 13 9488 9400
-24 I:0 -1 0 9456 -1
-6 I:0 9448 1 9464 -1
6005 I:56229 9458 11 -1 9448
-14 I:0 -1 0 9468 -1
-6 I:0 9460 1 9476 9452
6005 I:56229 9470 11 -1 9460
0 I:0 -1 0 9480 -1
-6 I:0 9472 1 -1 9464
6099 I:0 -1 0 9484 9472
2002 S:Mk or var were expected"9486 11 -1 9480
58001 I:0 9496 13 9532 9444
-4 C:,"9494 11 9500 -1
-6 I:0 9492 1 9508 -1
6005 I:57229 9502 11 -1 9492
-4 C:="9506 11 9512 -1
-6 I:0 9504 1 9520 9496
6005 I:61229 9514 11 -1 9504
0 I:0 -1 0 9524 -1
-6 I:0 9516 1 -1 9508
6099 I:0 -1 0 9528 9516
2002 S:Assignment or comma were expected"9530 11 -1 9524
59001 I:0 9540 13 9564 9488
-4 C:="9538 11 9544 -1
-6 I:0 9536 1 9552 -1
6005 I:61229 9546 11 -1 9536
0 I:0 -1 0 9556 -1
-6 I:0 9548 1 -1 9540
6099 I:0 -1 0 9560 9548
2002 S:Assignment was expected"9562 11 -1 9556
22001 I:0 9572 13 9624 9532
-24 I:0 -1 0 9576 -1
-6 I:0 9568 1 9612 -1
418 I:8140 9578 11 9580 9568
2002 S:'.Mk'"9582 11 9584 9576
6015 I:-2 9586 11 9588 9580
6016 I:5229 9590 11 9592 9584
8002 I:0 9607 7 9596 9588
6001 I:0 9604 1 -1 9592
-15 I:0 9596 1 -1 -1
-24 I:0 -1 0 -1 -1
0 I:0 -1 0 9616 -1
-6 I:0 9608 1 -1 9572
6099 I:0 -1 0 9620 9608
2002 S:Wrong Mk desription"9622 11 -1 9616
6005 I:15229 9626 11 9628 9564
6100 S:i=13 after 4>>i Cons.OutLn=i} Cons.OutLn="End""9630 11 9632 9624
6070 I:0 9640 1 9644 9628
-24 I:0 9632 1 -1 -1
-4 S:"9642 11 -1 -1
4222 I:0 9652 1 9656 9632
-24 I:0 9644 1 -1 -1
-4 C:>"9654 11 -1 -1
4023 I:0 9664 1 9676 9644
-24 I:0 9656 1 -1 -1
11261 I:0 -1 0 9668 -1
4156 I:0 -1 0 9672 9664
2002 S:> out"9674 11 -1 9668
2002 S:***************** MnemoList"9678 11 9680 9656
2002 S:***************** OAList"9682 11 9684 9676
11003 I:2002 9686 11 9688 9680
2002 S:-----------------Stack:"9690 11 9692 9684
4038 I:2002 9694 11 9696 9688
4003 I:2002 9698 11 9700 9692
2002 S:---- Programm out ----"9702 11 -1 9696
