29
1001 I:1 2 11 4 112
1001 I:1 6 11 8 0
1001 I:1 10 11 12 4
1001 I:20 14 11 16 8
1001 I:21 18 11 20 12
1001 I:13 22 11 24 16
7001 I:0 -1 0 28 20
2019 S:"30 11 32 24
3020 S:Console: "34 11 36 28
4020 S:Console2: "38 11 40 32
5001 I:10000 42 11 44 36
5051 I:1 46 11 48 40
3999 I:5011 50 11 52 44
5001 I:11000 54 11 56 48
5051 I:1 58 11 60 52
4999 I:5011 62 11 64 56
7999 I:3917 66 11 68 60
7999 I:4917 70 11 72 64
7999 I:5917 74 11 76 68
5002 I:0 84 1 88 72
-24 I:0 76 1 -1 -1
10002 I:13 86 11 -1 -1
5002 I:0 96 1 100 76
-24 I:0 88 1 -1 -1
11002 I:17 98 11 -1 -1
2001 S:ChNum: "102 11 104 88
5020 I:2002 106 11 108 100
2001 S:Work time: "110 11 112 104
7051 I:2002 114 11 -1 108
